ID|CITYID|GRADEID|PARENTID|CITYNAME|CITYCODE
1|01|1|0|北京|
2|0101|2|01|北京|
3|010101|3|0101|北京|101010100
4|010102|3|0101|海淀|101010200
5|010103|3|0101|朝阳|101010300
6|010104|3|0101|顺义|101010400
7|010105|3|0101|怀柔|101010500
8|010106|3|0101|通州|101010600
9|010107|3|0101|昌平|101010700
10|010108|3|0101|延庆|101010800
11|010109|3|0101|丰台|101010900
12|010110|3|0101|石景山|101011000
13|010111|3|0101|大兴|101011100
14|010112|3|0101|房山|101011200
15|010113|3|0101|密云|101011300
16|010114|3|0101|门头沟|101011400
17|010115|3|0101|平谷|101011500
18|02|1|0|上海|
19|0201|2|02|上海|
20|020101|3|0201|上海|101020100
21|020102|3|0201|闵行|101020200
22|020103|3|0201|宝山|101020300
23|020104|3|0201|嘉定|101020500
24|020105|3|0201|浦东南汇|101020600
25|020106|3|0201|金山|101020700
26|020107|3|0201|青浦|101020800
27|020108|3|0201|松江|101020900
28|020109|3|0201|奉贤|101021000
29|020110|3|0201|崇明|101021100
30|020111|3|0201|徐家汇|101021200
31|020112|3|0201|浦东|101021300
32|03|1|0|天津|
33|0301|2|03|天津|
34|030101|3|0301|天津|101030100
35|030102|3|0301|武清|101030200
36|030103|3|0301|宝坻|101030300
37|030104|3|0301|东丽|101030400
38|030105|3|0301|西青|101030500
39|030106|3|0301|北辰|101030600
40|030107|3|0301|宁河|101030700
41|030108|3|0301|汉沽|101030800
42|030109|3|0301|静海|101030900
43|030110|3|0301|津南|101031000
44|030111|3|0301|塘沽|101031100
45|030112|3|0301|大港|101031200
46|030113|3|0301|蓟县|101031400
1|04|1|0|重庆|
2|0401|2|04|重庆|
3|040101|3|0401|重庆|101040100
4|040102|3|0401|永川|101040200
5|040103|3|0401|合川|101040300
6|040104|3|0401|南川|101040400
7|040105|3|0401|江津|101040500
8|040106|3|0401|万盛|101040600
9|040107|3|0401|渝北|101040700
10|040108|3|0401|北碚|101040800
11|040109|3|0401|巴南|101040900
12|040110|3|0401|长寿|101041000
13|040111|3|0401|黔江|101041100
14|040112|3|0401|万州|101041300
15|040113|3|0401|涪陵|101041400
16|040114|3|0401|开县|101041500
17|040115|3|0401|城口|101041600
18|040116|3|0401|云阳|101041700
19|040117|3|0401|巫溪|101041800
20|040118|3|0401|奉节|101041900
21|040119|3|0401|巫山|101042000
22|040120|3|0401|潼南|101042100
23|040121|3|0401|垫江|101042200
24|040122|3|0401|梁平|101042300
25|040123|3|0401|忠县|101042400
26|040124|3|0401|石柱|101042500
27|040125|3|0401|大足|101042600
28|040126|3|0401|荣昌|101042700
29|040127|3|0401|铜梁|101042800
30|040128|3|0401|璧山|101042900
31|040129|3|0401|丰都|101043000
32|040130|3|0401|武隆|101043100
33|040131|3|0401|彭水|101043200
34|040132|3|0401|綦江|101043300
35|040133|3|0401|酉阳|101043400
36|040134|3|0401|秀山|101043600
1|05|1|0|黑龙江|
2|0501|2|05|哈尔滨|
3|050101|3|0501|哈尔滨|101050101
4|050102|3|0501|双城|101050102
5|050103|3|0501|呼兰|101050103
6|050104|3|0501|阿城|101050104
7|050105|3|0501|宾县|101050105
8|050106|3|0501|依兰|101050106
9|050107|3|0501|巴彦|101050107
10|050108|3|0501|通河|101050108
11|050109|3|0501|方正|101050109
12|050110|3|0501|延寿|101050110
13|050111|3|0501|尚志|101050111
14|050112|3|0501|五常|101050112
15|050113|3|0501|木兰|101050113
16|0502|2|05|齐齐哈尔|
17|050201|3|0502|齐齐哈尔|101050201
18|050202|3|0502|讷河|101050202
19|050203|3|0502|龙江|101050203
20|050204|3|0502|甘南|101050204
21|050205|3|0502|富裕|101050205
22|050206|3|0502|依安|101050206
23|050207|3|0502|拜泉|101050207
24|050208|3|0502|克山|101050208
25|050209|3|0502|克东|101050209
26|050210|3|0502|泰来|101050210
27|0503|2|05|牡丹江|
28|050301|3|0503|牡丹江|101050301
29|050302|3|0503|海林|101050302
30|050303|3|0503|穆棱|101050303
31|050304|3|0503|林口|101050304
32|050305|3|0503|绥芬河|101050305
33|050306|3|0503|宁安|101050306
34|050307|3|0503|东宁|101050307
35|0504|2|05|佳木斯|
36|050401|3|0504|佳木斯|101050401
37|050402|3|0504|汤原|101050402
38|050403|3|0504|抚远|101050403
39|050404|3|0504|桦川|101050404
40|050405|3|0504|桦南|101050405
41|050406|3|0504|同江|101050406
42|050407|3|0504|富锦|101050407
43|0505|2|05|绥化|
44|050501|3|0505|绥化|101050501
45|050502|3|0505|肇东|101050502
46|050503|3|0505|安达|101050503
47|050504|3|0505|海伦|101050504
48|050505|3|0505|明水|101050505
49|050506|3|0505|望奎|101050506
50|050507|3|0505|兰西|101050507
51|050508|3|0505|青冈|101050508
52|050509|3|0505|庆安|101050509
53|050510|3|0505|绥棱|101050510
54|0506|2|05|黑河|
55|050601|3|0506|黑河|101050601
56|050602|3|0506|嫩江|101050602
57|050603|3|0506|孙吴|101050603
58|050604|3|0506|逊克|101050604
59|050605|3|0506|五大连池|101050605
60|050606|3|0506|北安|101050606
61|0507|2|05|大兴安岭|
62|050701|3|0507|大兴安岭|101050701
63|050702|3|0507|塔河|101050702
64|050703|3|0507|漠河|101050703
65|050704|3|0507|呼玛|101050704
66|050705|3|0507|呼中|101050705
67|050706|3|0507|新林|101050706
68|050707|3|0507|加格达奇|101050708
69|0508|2|05|伊春|
70|050801|3|0508|伊春|101050801
71|050802|3|0508|乌伊岭|101050802
72|050803|3|0508|五营|101050803
73|050804|3|0508|铁力|101050804
74|050805|3|0508|嘉荫|101050805
75|0509|2|05|大庆|
76|050901|3|0509|大庆|101050901
77|050902|3|0509|林甸|101050902
78|050903|3|0509|肇州|101050903
79|050904|3|0509|肇源|101050904
80|050905|3|0509|杜尔伯特|101050905
81|0510|2|05|七台河|
82|051001|3|0510|七台河|101051002
83|051002|3|0510|勃利|101051003
84|0511|2|05|鸡西|
85|051101|3|0511|鸡西|101051101
86|051102|3|0511|虎林|101051102
87|051103|3|0511|密山|101051103
88|051104|3|0511|鸡东|101051104
89|0512|2|05|鹤岗|
90|051201|3|0512|鹤岗|101051201
91|051202|3|0512|绥滨|101051202
92|051203|3|0512|萝北|101051203
93|0513|2|05|双鸭山|
94|051301|3|0513|双鸭山|101051301
95|051302|3|0513|集贤|101051302
96|051303|3|0513|宝清|101051303
97|051304|3|0513|饶河|101051304
98|051305|3|0513|友谊|101051305
1|06|1|0|吉林|
2|0601|2|06|长春|
3|060101|3|0601|长春|101060101
4|060102|3|0601|农安|101060102
5|060103|3|0601|德惠|101060103
6|060104|3|0601|九台|101060104
7|060105|3|0601|榆树|101060105
8|060106|3|0601|双阳|101060106
9|0602|2|06|吉林|
10|060201|3|0602|吉林|101060201
11|060202|3|0602|舒兰|101060202
12|060203|3|0602|永吉|101060203
13|060204|3|0602|蛟河|101060204
14|060205|3|0602|磐石|101060205
15|060206|3|0602|桦甸|101060206
16|0603|2|06|延边|
17|060301|3|0603|延吉|101060301
18|060302|3|0603|敦化|101060302
19|060303|3|0603|安图|101060303
20|060304|3|0603|汪清|101060304
21|060305|3|0603|和龙|101060305
22|060306|3|0603|龙井|101060307
23|060307|3|0603|珲春|101060308
24|060308|3|0603|图们|101060309
25|0604|2|06|四平|
26|060401|3|0604|四平|101060401
27|060402|3|0604|双辽|101060402
28|060403|3|0604|梨树|101060403
29|060404|3|0604|公主岭|101060404
30|060405|3|0604|伊通|101060405
31|0605|2|06|通化|
32|060501|3|0605|通化|101060501
33|060502|3|0605|梅河口|101060502
34|060503|3|0605|柳河|101060503
35|060504|3|0605|辉南|101060504
36|060505|3|0605|集安|101060505
37|060506|3|0605|通化县|101060506
38|0606|2|06|白城|
39|060601|3|0606|白城|101060601
40|060602|3|0606|洮南|101060602
41|060603|3|0606|大安|101060603
42|060604|3|0606|镇赉|101060604
43|060605|3|0606|通榆|101060605
44|0607|2|06|辽源|
45|060701|3|0607|辽源|101060701
46|060702|3|0607|东丰|101060702
47|060703|3|0607|东辽|101060703
48|0608|2|06|松原|
49|060801|3|0608|松原|101060801
50|060802|3|0608|乾安|101060802
51|060803|3|0608|前郭|101060803
52|060804|3|0608|长岭|101060804
53|060805|3|0608|扶余|101060805
54|0609|2|06|白山|
55|060901|3|0609|白山|101060901
56|060902|3|0609|靖宇|101060902
57|060903|3|0609|临江|101060903
58|060904|3|0609|东岗|101060904
59|060905|3|0609|长白|101060905
60|060906|3|0609|抚松|101060906
61|060907|3|0609|江源|101060907
1|07|1|0|辽宁|
2|0701|2|07|沈阳|
3|070101|3|0701|沈阳|101070101
4|070102|3|0701|辽中|101070103
5|070103|3|0701|康平|101070104
6|070104|3|0701|法库|101070105
7|070105|3|0701|新民|101070106
8|0702|2|07|大连|
9|070201|3|0702|大连|101070201
10|070202|3|0702|瓦房店|101070202
11|070203|3|0702|金州|101070203
12|070204|3|0702|普兰店|101070204
13|070205|3|0702|旅顺|101070205
14|070206|3|0702|长海|101070206
15|070207|3|0702|庄河|101070207
16|0703|2|07|鞍山|
17|070301|3|0703|鞍山|101070301
18|070302|3|0703|台安|101070302
19|070303|3|0703|岫岩|101070303
20|070304|3|0703|海城|101070304
21|0704|2|07|抚顺|
22|070401|3|0704|抚顺|101070401
23|070402|3|0704|新宾|101070402
24|070403|3|0704|清原|101070403
25|070404|3|0704|章党|101070404
26|0705|2|07|本溪|
27|070501|3|0705|本溪|101070501
28|070502|3|0705|本溪县|101070502
29|070503|3|0705|桓仁|101070504
30|0706|2|07|丹东|
31|070601|3|0706|丹东|101070601
32|070602|3|0706|凤城|101070602
33|070603|3|0706|宽甸|101070603
34|070604|3|0706|东港|101070604
35|0707|2|07|锦州|
36|070701|3|0707|锦州|101070701
37|070702|3|0707|凌海|101070702
38|070703|3|0707|义县|101070704
39|070704|3|0707|黑山|101070705
40|070705|3|0707|北镇|101070706
41|0708|2|07|营口|
42|070801|3|0708|营口|101070801
43|070802|3|0708|大石桥|101070802
44|070803|3|0708|盖州|101070803
45|0709|2|07|阜新|
46|070901|3|0709|阜新|101070901
47|070902|3|0709|彰武|101070902
48|0710|2|07|辽阳|
49|071001|3|0710|辽阳|101071001
50|071002|3|0710|辽阳县|101071002
51|071003|3|0710|灯塔|101071003
52|071004|3|0710|弓长岭|101071004
53|0711|2|07|铁岭|
54|071101|3|0711|铁岭|101071101
55|071102|3|0711|开原|101071102
56|071103|3|0711|昌图|101071103
57|071104|3|0711|西丰|101071104
58|071105|3|0711|调兵山|101071105
59|0712|2|07|朝阳|
60|071201|3|0712|朝阳|101071201
61|071202|3|0712|凌源|101071203
62|071203|3|0712|喀左|101071204
63|071204|3|0712|北票|101071205
64|071205|3|0712|建平县|101071207
65|0713|2|07|盘锦|
66|071301|3|0713|盘锦|101071301
67|071302|3|0713|大洼|101071302
68|071303|3|0713|盘山|101071303
69|0714|2|07|葫芦岛|
70|071401|3|0714|葫芦岛|101071401
71|071402|3|0714|建昌|101071402
72|071403|3|0714|绥中|101071403
73|071404|3|0714|兴城|101071404
1|08|1|0|内蒙古|
2|0801|2|08|呼和浩特|
3|080101|3|0801|呼和浩特|101080101
4|080102|3|0801|土左旗|101080102
5|080103|3|0801|托县|101080103
6|080104|3|0801|和林|101080104
7|080105|3|0801|清水河|101080105
8|080106|3|0801|呼市郊区|101080106
9|080107|3|0801|武川|101080107
10|0802|2|08|包头|
11|080201|3|0802|包头|101080201
12|080202|3|0802|白云鄂博|101080202
13|080203|3|0802|满都拉|101080203
14|080204|3|0802|土右旗|101080204
15|080205|3|0802|固阳|101080205
16|080206|3|0802|达茂旗|101080206
17|080207|3|0802|希拉穆仁|101080207
18|0803|2|08|乌海|
19|080301|3|0803|乌海|101080301
20|0804|2|08|乌兰察布|
21|080401|3|0804|集宁|101080401
22|080402|3|0804|卓资|101080402
23|080403|3|0804|化德|101080403
24|080404|3|0804|商都|101080404
25|080405|3|0804|兴和|101080406
26|080406|3|0804|凉城|101080407
27|080407|3|0804|察右前旗|101080408
28|080408|3|0804|察右中旗|101080409
29|080409|3|0804|察右后旗|101080410
30|080410|3|0804|四子王旗|101080411
31|080411|3|0804|丰镇|101080412
32|0805|2|08|通辽|
33|080501|3|0805|通辽|101080501
34|080502|3|0805|舍伯吐|101080502
35|080503|3|0805|科左中旗|101080503
36|080504|3|0805|科左后旗|101080504
37|080505|3|0805|青龙山|101080505
38|080506|3|0805|开鲁|101080506
39|080507|3|0805|库伦|101080507
40|080508|3|0805|奈曼|101080508
41|080509|3|0805|扎鲁特|101080509
42|080510|3|0805|巴雅尔吐胡硕|101080511
43|080511|3|0805|霍林郭勒|101081108
44|0806|2|08|赤峰|
45|080601|3|0806|赤峰|101080601
46|080602|3|0806|阿鲁旗|101080603
47|080603|3|0806|浩尔吐|101080604
48|080604|3|0806|巴林左旗|101080605
49|080605|3|0806|巴林右旗|101080606
50|080606|3|0806|林西|101080607
51|080607|3|0806|克什克腾|101080608
52|080608|3|0806|翁牛特|101080609
53|080609|3|0806|岗子|101080610
54|080610|3|0806|喀喇沁|101080611
55|080611|3|0806|八里罕|101080612
56|080612|3|0806|宁城|101080613
57|080613|3|0806|敖汉|101080614
58|080614|3|0806|宝国吐|101080615
59|0807|2|08|鄂尔多斯|
60|080701|3|0807|鄂尔多斯|101080701
61|080702|3|0807|达拉特|101080703
62|080703|3|0807|准格尔|101080704
63|080704|3|0807|鄂前旗|101080705
64|080705|3|0807|河南|101080706
65|080706|3|0807|伊克乌素|101080707
66|080707|3|0807|鄂托克|101080708
67|080708|3|0807|杭锦旗|101080709
68|080709|3|0807|乌审旗|101080710
69|080710|3|0807|伊金霍洛|101080711
70|080711|3|0807|乌审召|101080712
71|080712|3|0807|东胜|101080713
72|0808|2|08|巴彦淖尔|
73|080801|3|0808|临河|101080801
74|080802|3|0808|五原|101080802
75|080803|3|0808|磴口|101080803
76|080804|3|0808|乌前旗|101080804
77|080805|3|0808|大佘太|101080805
78|080806|3|0808|乌中旗|101080806
79|080807|3|0808|乌后旗|101080807
80|080808|3|0808|海力素|101080808
81|080809|3|0808|那仁宝力格|101080809
82|080810|3|0808|杭锦后旗|101080810
83|0809|2|08|锡林郭勒|
84|080901|3|0809|锡林浩特|101080901
85|080902|3|0809|二连浩特|101080903
86|080903|3|0809|阿巴嘎|101080904
87|080904|3|0809|苏左旗|101080906
88|080905|3|0809|苏右旗|101080907
89|080906|3|0809|朱日和|101080908
90|080907|3|0809|东乌旗|101080909
91|080908|3|0809|西乌旗|101080910
92|080909|3|0809|太仆寺|101080911
93|080910|3|0809|镶黄旗|101080912
94|080911|3|0809|正镶白旗|101080913
95|080912|3|0809|正蓝旗|101080914
96|080913|3|0809|多伦|101080915
97|080914|3|0809|博克图|101080916
98|080915|3|0809|乌拉盖|101080917
99|0810|2|08|呼伦贝尔|
100|081001|3|0810|海拉尔|101081001
101|081002|3|0810|小二沟|101081002
102|081003|3|0810|阿荣旗|101081003
103|081004|3|0810|莫力达瓦|101081004
104|081005|3|0810|鄂伦春旗|101081005
105|081006|3|0810|鄂温克旗|101081006
106|081007|3|0810|陈旗|101081007
107|081008|3|0810|新左旗|101081008
108|081009|3|0810|新右旗|101081009
109|081010|3|0810|满洲里|101081010
110|081011|3|0810|牙克石|101081011
111|081012|3|0810|扎兰屯|101081012
112|081013|3|0810|额尔古纳|101081014
113|081014|3|0810|根河|101081015
114|081015|3|0810|图里河|101081016
115|0811|2|08|兴安盟|
116|081101|3|0811|高力板|101080510
117|081102|3|0811|乌兰浩特|101081101
118|081103|3|0811|阿尔山|101081102
119|081104|3|0811|科右中旗|101081103
120|081105|3|0811|胡尔勒|101081104
121|081106|3|0811|扎赉特|101081105
122|081107|3|0811|索伦|101081106
123|081108|3|0811|突泉|101081107
124|081109|3|0811|科右前旗|101081109
125|0812|2|08|阿拉善盟|
126|081201|3|0812|阿左旗|101081201
127|081202|3|0812|阿右旗|101081202
128|081203|3|0812|额济纳|101081203
129|081204|3|0812|拐子湖|101081204
130|081205|3|0812|吉兰太|101081205
131|081206|3|0812|锡林高勒|101081206
132|081207|3|0812|头道湖|101081207
133|081208|3|0812|中泉子|101081208
134|081209|3|0812|诺尔公|101081209
135|081210|3|0812|雅布赖|101081210
136|081211|3|0812|乌斯泰|101081211
137|081212|3|0812|孪井滩|101081212
1|09|1|0|河北|
2|0901|2|09|石家庄|
3|090101|3|0901|石家庄|101090101
4|090102|3|0901|井陉|101090102
5|090103|3|0901|正定|101090103
6|090104|3|0901|栾城|101090104
7|090105|3|0901|行唐|101090105
8|090106|3|0901|灵寿|101090106
9|090107|3|0901|高邑|101090107
10|090108|3|0901|深泽|101090108
11|090109|3|0901|赞皇|101090109
12|090110|3|0901|无极|101090110
13|090111|3|0901|平山|101090111
14|090112|3|0901|元氏|101090112
15|090113|3|0901|赵县|101090113
16|090114|3|0901|辛集|101090114
17|090115|3|0901|藁城|101090115
18|090116|3|0901|晋州|101090116
19|090117|3|0901|新乐|101090117
20|090118|3|0901|鹿泉|101090118
21|0902|2|09|保定|
22|090201|3|0902|保定|101090201
23|090202|3|0902|满城|101090202
24|090203|3|0902|阜平|101090203
25|090204|3|0902|徐水|101090204
26|090205|3|0902|唐县|101090205
27|090206|3|0902|高阳|101090206
28|090207|3|0902|容城|101090207
29|090208|3|0902|涞源|101090209
30|090209|3|0902|望都|101090210
31|090210|3|0902|安新|101090211
32|090211|3|0902|易县|101090212
33|090212|3|0902|曲阳|101090214
34|090213|3|0902|蠡县|101090215
35|090214|3|0902|顺平|101090216
36|090215|3|0902|雄县|101090217
37|090216|3|0902|涿州|101090218
38|090217|3|0902|定州|101090219
39|090218|3|0902|安国|101090220
40|090219|3|0902|高碑店|101090221
41|090220|3|0902|涞水|101090222
42|090221|3|0902|定兴|101090223
43|090222|3|0902|清苑|101090224
44|090223|3|0902|博野|101090225
45|0903|2|09|张家口|
46|090301|3|0903|张家口|101090301
47|090302|3|0903|宣化|101090302
48|090303|3|0903|张北|101090303
49|090304|3|0903|康保|101090304
50|090305|3|0903|沽源|101090305
51|090306|3|0903|尚义|101090306
52|090307|3|0903|蔚县|101090307
53|090308|3|0903|阳原|101090308
54|090309|3|0903|怀安|101090309
55|090310|3|0903|万全|101090310
56|090311|3|0903|怀来|101090311
57|090312|3|0903|涿鹿|101090312
58|090313|3|0903|赤城|101090313
59|090314|3|0903|崇礼|101090314
60|0904|2|09|承德|
61|090401|3|0904|承德|101090402
62|090402|3|0904|承德县|101090403
63|090403|3|0904|兴隆|101090404
64|090404|3|0904|平泉|101090405
65|090405|3|0904|滦平|101090406
66|090406|3|0904|隆化|101090407
67|090407|3|0904|丰宁|101090408
68|090408|3|0904|宽城|101090409
69|090409|3|0904|围场|101090410
70|0905|2|09|唐山|
71|090501|3|0905|唐山|101090501
72|090502|3|0905|丰南|101090502
73|090503|3|0905|丰润|101090503
74|090504|3|0905|滦县|101090504
75|090505|3|0905|滦南|101090505
76|090506|3|0905|乐亭|101090506
77|090507|3|0905|迁西|101090507
78|090508|3|0905|玉田|101090508
79|090509|3|0905|唐海|101090509
80|090510|3|0905|遵化|101090510
81|090511|3|0905|迁安|101090511
82|090512|3|0905|曹妃甸|101090512
83|0906|2|09|廊坊|
84|090601|3|0906|廊坊|101090601
85|090602|3|0906|固安|101090602
86|090603|3|0906|永清|101090603
87|090604|3|0906|香河|101090604
88|090605|3|0906|大城|101090605
89|090606|3|0906|文安|101090606
90|090607|3|0906|大厂|101090607
91|090608|3|0906|霸州|101090608
92|090609|3|0906|三河|101090609
93|0907|2|09|沧州|
94|090701|3|0907|沧州|101090701
95|090702|3|0907|青县|101090702
96|090703|3|0907|东光|101090703
97|090704|3|0907|海兴|101090704
98|090705|3|0907|盐山|101090705
99|090706|3|0907|肃宁|101090706
100|090707|3|0907|南皮|101090707
101|090708|3|0907|吴桥|101090708
102|090709|3|0907|献县|101090709
103|090710|3|0907|孟村|101090710
104|090711|3|0907|泊头|101090711
105|090712|3|0907|任丘|101090712
106|090713|3|0907|黄骅|101090713
107|090714|3|0907|河间|101090714
108|090715|3|0907|沧县|101090716
109|0908|2|09|衡水|
110|090801|3|0908|衡水|101090801
111|090802|3|0908|枣强|101090802
112|090803|3|0908|武邑|101090803
113|090804|3|0908|武强|101090804
114|090805|3|0908|饶阳|101090805
115|090806|3|0908|安平|101090806
116|090807|3|0908|故城|101090807
117|090808|3|0908|景县|101090808
118|090809|3|0908|阜城|101090809
119|090810|3|0908|冀州|101090810
120|090811|3|0908|深州|101090811
121|0909|2|09|邢台|
122|090901|3|0909|邢台|101090901
123|090902|3|0909|临城|101090902
124|090903|3|0909|内丘|101090904
125|090904|3|0909|柏乡|101090905
126|090905|3|0909|隆尧|101090906
127|090906|3|0909|南和|101090907
128|090907|3|0909|宁晋|101090908
129|090908|3|0909|巨鹿|101090909
130|090909|3|0909|新河|101090910
131|090910|3|0909|广宗|101090911
132|090911|3|0909|平乡|101090912
133|090912|3|0909|威县|101090913
134|090913|3|0909|清河|101090914
135|090914|3|0909|临西|101090915
136|090915|3|0909|南宫|101090916
137|090916|3|0909|沙河|101090917
138|090917|3|0909|任县|101090918
139|0910|2|09|邯郸|
140|091001|3|0910|邯郸|101091001
141|091002|3|0910|峰峰|101091002
142|091003|3|0910|临漳|101091003
143|091004|3|0910|成安|101091004
144|091005|3|0910|大名|101091005
145|091006|3|0910|涉县|101091006
146|091007|3|0910|磁县|101091007
147|091008|3|0910|肥乡|101091008
148|091009|3|0910|永年|101091009
149|091010|3|0910|邱县|101091010
150|091011|3|0910|鸡泽|101091011
151|091012|3|0910|广平|101091012
152|091013|3|0910|馆陶|101091013
153|091014|3|0910|魏县|101091014
154|091015|3|0910|曲周|101091015
155|091016|3|0910|武安|101091016
156|0911|2|09|秦皇岛|
157|091101|3|0911|秦皇岛|101091101
158|091102|3|0911|青龙|101091102
159|091103|3|0911|昌黎|101091103
160|091104|3|0911|抚宁|101091104
161|091105|3|0911|卢龙|101091105
162|091106|3|0911|北戴河|101091106
1|10|1|0|山西|
2|1001|2|10|太原|
3|100101|3|1001|太原|101100101
4|100102|3|1001|清徐|101100102
5|100103|3|1001|阳曲|101100103
6|100104|3|1001|娄烦|101100104
7|100105|3|1001|古交|101100105
8|100106|3|1001|尖草坪区|101100106
9|100107|3|1001|小店区|101100107
10|1002|2|10|大同|
11|100201|3|1002|大同|101100201
12|100202|3|1002|阳高|101100202
13|100203|3|1002|大同县|101100203
14|100204|3|1002|天镇|101100204
15|100205|3|1002|广灵|101100205
16|100206|3|1002|灵丘|101100206
17|100207|3|1002|浑源|101100207
18|100208|3|1002|左云|101100208
19|1003|2|10|阳泉|
20|100301|3|1003|阳泉|101100301
21|100302|3|1003|盂县|101100302
22|100303|3|1003|平定|101100303
23|1004|2|10|晋中|
24|100401|3|1004|晋中|101100401
25|100402|3|1004|榆次|101100402
26|100403|3|1004|榆社|101100403
27|100404|3|1004|左权|101100404
28|100405|3|1004|和顺|101100405
29|100406|3|1004|昔阳|101100406
30|100407|3|1004|寿阳|101100407
31|100408|3|1004|太谷|101100408
32|100409|3|1004|祁县|101100409
33|100410|3|1004|平遥|101100410
34|100411|3|1004|灵石|101100411
35|100412|3|1004|介休|101100412
36|1005|2|10|长治|
37|100501|3|1005|长治|101100501
38|100502|3|1005|黎城|101100502
39|100503|3|1005|屯留|101100503
40|100504|3|1005|潞城|101100504
41|100505|3|1005|襄垣|101100505
42|100506|3|1005|平顺|101100506
43|100507|3|1005|武乡|101100507
44|100508|3|1005|沁县|101100508
45|100509|3|1005|长子|101100509
46|100510|3|1005|沁源|101100510
47|100511|3|1005|壶关|101100511
48|1006|2|10|晋城|
49|100601|3|1006|晋城|101100601
50|100602|3|1006|沁水|101100602
51|100603|3|1006|阳城|101100603
52|100604|3|1006|陵川|101100604
53|100605|3|1006|高平|101100605
54|100606|3|1006|泽州|101100606
55|1007|2|10|临汾|
56|100701|3|1007|临汾|101100701
57|100702|3|1007|曲沃|101100702
58|100703|3|1007|永和|101100703
59|100704|3|1007|隰县|101100704
60|100705|3|1007|大宁|101100705
61|100706|3|1007|吉县|101100706
62|100707|3|1007|襄汾|101100707
63|100708|3|1007|蒲县|101100708
64|100709|3|1007|汾西|101100709
65|100710|3|1007|洪洞|101100710
66|100711|3|1007|霍州|101100711
67|100712|3|1007|乡宁|101100712
68|100713|3|1007|翼城|101100713
69|100714|3|1007|侯马|101100714
70|100715|3|1007|浮山|101100715
71|100716|3|1007|安泽|101100716
72|100717|3|1007|古县|101100717
73|1008|2|10|运城|
74|100801|3|1008|运城|101100801
75|100802|3|1008|临猗|101100802
76|100803|3|1008|稷山|101100803
77|100804|3|1008|万荣|101100804
78|100805|3|1008|河津|101100805
79|100806|3|1008|新绛|101100806
80|100807|3|1008|绛县|101100807
81|100808|3|1008|闻喜|101100808
82|100809|3|1008|垣曲|101100809
83|100810|3|1008|永济|101100810
84|100811|3|1008|芮城|101100811
85|100812|3|1008|夏县|101100812
86|100813|3|1008|平陆|101100813
87|1009|2|10|朔州|
88|100901|3|1009|朔州|101100901
89|100902|3|1009|平鲁|101100902
90|100903|3|1009|山阴|101100903
91|100904|3|1009|右玉|101100904
92|100905|3|1009|应县|101100905
93|100906|3|1009|怀仁|101100906
94|1010|2|10|忻州|
95|101001|3|1010|忻州|101101001
96|101002|3|1010|定襄|101101002
97|101003|3|1010|五台县|101101003
98|101004|3|1010|河曲|101101004
99|101005|3|1010|偏关|101101005
100|101006|3|1010|神池|101101006
101|101007|3|1010|宁武|101101007
102|101008|3|1010|代县|101101008
103|101009|3|1010|繁峙|101101009
104|101010|3|1010|五台山|101101010
105|101011|3|1010|保德|101101011
106|101012|3|1010|静乐|101101012
107|101013|3|1010|岢岚|101101013
108|101014|3|1010|五寨|101101014
109|101015|3|1010|原平|101101015
110|1011|2|10|吕梁|
111|101101|3|1011|吕梁|101101100
112|101102|3|1011|离石|101101101
113|101103|3|1011|临县|101101102
114|101104|3|1011|兴县|101101103
115|101105|3|1011|岚县|101101104
116|101106|3|1011|柳林|101101105
117|101107|3|1011|石楼|101101106
118|101108|3|1011|方山|101101107
119|101109|3|1011|交口|101101108
120|101110|3|1011|中阳|101101109
121|101111|3|1011|孝义|101101110
122|101112|3|1011|汾阳|101101111
123|101113|3|1011|文水|101101112
124|101114|3|1011|交城|101101113
1|11|1|0|陕西|
2|1101|2|11|西安|
3|110101|3|1101|西安|101110101
4|110102|3|1101|长安|101110102
5|110103|3|1101|临潼|101110103
6|110104|3|1101|蓝田|101110104
7|110105|3|1101|周至|101110105
8|110106|3|1101|户县|101110106
9|110107|3|1101|高陵|101110107
10|1102|2|11|咸阳|
11|110201|3|1102|咸阳|101110200
12|110202|3|1102|三原|101110201
13|110203|3|1102|礼泉|101110202
14|110204|3|1102|永寿|101110203
15|110205|3|1102|淳化|101110204
16|110206|3|1102|泾阳|101110205
17|110207|3|1102|武功|101110206
18|110208|3|1102|乾县|101110207
19|110209|3|1102|彬县|101110208
20|110210|3|1102|长武|101110209
21|110211|3|1102|旬邑|101110210
22|110212|3|1102|兴平|101110211
23|1103|2|11|延安|
24|110301|3|1103|延安|101110300
25|110302|3|1103|延长|101110301
26|110303|3|1103|延川|101110302
27|110304|3|1103|子长|101110303
28|110305|3|1103|宜川|101110304
29|110306|3|1103|富县|101110305
30|110307|3|1103|志丹|101110306
31|110308|3|1103|安塞|101110307
32|110309|3|1103|甘泉|101110308
33|110310|3|1103|洛川|101110309
34|110311|3|1103|黄陵|101110310
35|110312|3|1103|黄龙|101110311
36|110313|3|1103|吴起|101110312
37|1104|2|11|榆林|
38|110401|3|1104|榆林|101110401
39|110402|3|1104|府谷|101110402
40|110403|3|1104|神木|101110403
41|110404|3|1104|佳县|101110404
42|110405|3|1104|定边|101110405
43|110406|3|1104|靖边|101110406
44|110407|3|1104|横山|101110407
45|110408|3|1104|米脂|101110408
46|110409|3|1104|子洲|101110409
47|110410|3|1104|绥德|101110410
48|110411|3|1104|吴堡|101110411
49|110412|3|1104|清涧|101110412
50|110413|3|1104|榆阳|101110413
51|1105|2|11|渭南|
52|110501|3|1105|渭南|101110501
53|110502|3|1105|华县|101110502
54|110503|3|1105|潼关|101110503
55|110504|3|1105|大荔|101110504
56|110505|3|1105|白水|101110505
57|110506|3|1105|富平|101110506
58|110507|3|1105|蒲城|101110507
59|110508|3|1105|澄城|101110508
60|110509|3|1105|合阳|101110509
61|110510|3|1105|韩城|101110510
62|110511|3|1105|华阴|101110511
63|1106|2|11|商洛|
64|110601|3|1106|商洛|101110601
65|110602|3|1106|洛南|101110602
66|110603|3|1106|柞水|101110603
67|110604|3|1106|商州|101110604
68|110605|3|1106|镇安|101110605
69|110606|3|1106|丹凤|101110606
70|110607|3|1106|商南|101110607
71|110608|3|1106|山阳|101110608
72|1107|2|11|安康|
73|110701|3|1107|安康|101110701
74|110702|3|1107|紫阳|101110702
75|110703|3|1107|石泉|101110703
76|110704|3|1107|汉阴|101110704
77|110705|3|1107|旬阳|101110705
78|110706|3|1107|岚皋|101110706
79|110707|3|1107|平利|101110707
80|110708|3|1107|白河|101110708
81|110709|3|1107|镇坪|101110709
82|110710|3|1107|宁陕|101110710
83|1108|2|11|汉中|
84|110801|3|1108|汉中|101110801
85|110802|3|1108|略阳|101110802
86|110803|3|1108|勉县|101110803
87|110804|3|1108|留坝|101110804
88|110805|3|1108|洋县|101110805
89|110806|3|1108|城固|101110806
90|110807|3|1108|西乡|101110807
91|110808|3|1108|佛坪|101110808
92|110809|3|1108|宁强|101110809
93|110810|3|1108|南郑|101110810
94|110811|3|1108|镇巴|101110811
95|1109|2|11|宝鸡|
96|110901|3|1109|宝鸡|101110901
97|110902|3|1109|千阳|101110903
98|110903|3|1109|麟游|101110904
99|110904|3|1109|岐山|101110905
100|110905|3|1109|凤翔|101110906
101|110906|3|1109|扶风|101110907
102|110907|3|1109|眉县|101110908
103|110908|3|1109|太白|101110909
104|110909|3|1109|凤县|101110910
105|110910|3|1109|陇县|101110911
106|110911|3|1109|陈仓|101110912
107|1110|2|11|铜川|
108|111001|3|1110|铜川|101111001
109|111002|3|1110|耀县|101111002
110|111003|3|1110|宜君|101111003
111|111004|3|1110|耀州|101111004
112|1111|2|11|杨凌|
113|111101|3|1111|杨凌|101111101
114|12|1|0|山东|
115|1201|2|12|济南|
116|120101|3|1201|济南|101120101
117|120102|3|1201|长清|101120102
118|120103|3|1201|商河|101120103
119|120104|3|1201|章丘|101120104
120|120105|3|1201|平阴|101120105
121|120106|3|1201|济阳|101120106
122|1202|2|12|青岛|
123|120201|3|1202|青岛|101120201
124|120202|3|1202|崂山|101120202
125|120203|3|1202|即墨|101120204
126|120204|3|1202|胶州|101120205
127|120205|3|1202|胶南|101120206
128|120206|3|1202|莱西|101120207
129|120207|3|1202|平度|101120208
130|1203|2|12|淄博|
131|120301|3|1203|淄博|101120301
132|120302|3|1203|淄川|101120302
133|120303|3|1203|博山|101120303
134|120304|3|1203|高青|101120304
135|120305|3|1203|周村|101120305
136|120306|3|1203|沂源|101120306
137|120307|3|1203|桓台|101120307
138|120308|3|1203|临淄|101120308
139|1204|2|12|德州|
140|120401|3|1204|德州|101120401
141|120402|3|1204|武城|101120402
142|120403|3|1204|临邑|101120403
143|120404|3|1204|陵县|101120404
144|120405|3|1204|齐河|101120405
145|120406|3|1204|乐陵|101120406
146|120407|3|1204|庆云|101120407
147|120408|3|1204|平原|101120408
148|120409|3|1204|宁津|101120409
149|120410|3|1204|夏津|101120410
150|120411|3|1204|禹城|101120411
151|1205|2|12|烟台|
152|120501|3|1205|烟台|101120501
153|120502|3|1205|莱州|101120502
154|120503|3|1205|长岛|101120503
155|120504|3|1205|蓬莱|101120504
156|120505|3|1205|龙口|101120505
157|120506|3|1205|招远|101120506
158|120507|3|1205|栖霞|101120507
159|120508|3|1205|福山|101120508
160|120509|3|1205|牟平|101120509
161|120510|3|1205|莱阳|101120510
162|120511|3|1205|海阳|101120511
163|1206|2|12|潍坊|
164|120601|3|1206|潍坊|101120601
165|120602|3|1206|青州|101120602
166|120603|3|1206|寿光|101120603
167|120604|3|1206|临朐|101120604
168|120605|3|1206|昌乐|101120605
169|120606|3|1206|昌邑|101120606
170|120607|3|1206|安丘|101120607
171|120608|3|1206|高密|101120608
172|120609|3|1206|诸城|101120609
173|1207|2|12|济宁|
174|120701|3|1207|济宁|101120701
175|120702|3|1207|嘉祥|101120702
176|120703|3|1207|微山|101120703
177|120704|3|1207|鱼台|101120704
178|120705|3|1207|兖州|101120705
179|120706|3|1207|金乡|101120706
180|120707|3|1207|汶上|101120707
181|120708|3|1207|泗水|101120708
182|120709|3|1207|梁山|101120709
183|120710|3|1207|曲阜|101120710
184|120711|3|1207|邹城|101120711
185|1208|2|12|泰安|
186|120801|3|1208|泰安|101120801
187|120802|3|1208|新泰|101120802
188|120803|3|1208|肥城|101120804
189|120804|3|1208|东平|101120805
190|120805|3|1208|宁阳|101120806
191|1209|2|12|临沂|
192|120901|3|1209|临沂|101120901
193|120902|3|1209|莒南|101120902
194|120903|3|1209|沂南|101120903
195|120904|3|1209|苍山|101120904
196|120905|3|1209|临沭|101120905
197|120906|3|1209|郯城|101120906
198|120907|3|1209|蒙阴|101120907
199|120908|3|1209|平邑|101120908
200|120909|3|1209|费县|101120909
201|120910|3|1209|沂水|101120910
202|1210|2|12|菏泽|
203|121001|3|1210|菏泽|101121001
204|121002|3|1210|鄄城|101121002
205|121003|3|1210|郓城|101121003
206|121004|3|1210|东明|101121004
207|121005|3|1210|定陶|101121005
208|121006|3|1210|巨野|101121006
209|121007|3|1210|曹县|101121007
210|121008|3|1210|成武|101121008
211|121009|3|1210|单县|101121009
212|1211|2|12|滨州|
213|121101|3|1211|滨州|101121101
214|121102|3|1211|博兴|101121102
215|121103|3|1211|无棣|101121103
216|121104|3|1211|阳信|101121104
217|121105|3|1211|惠民|101121105
218|121106|3|1211|沾化|101121106
219|121107|3|1211|邹平|101121107
220|1212|2|12|东营|
221|121201|3|1212|东营|101121201
222|121202|3|1212|河口|101121202
223|121203|3|1212|垦利|101121203
224|121204|3|1212|利津|101121204
225|121205|3|1212|广饶|101121205
226|1213|2|12|威海|
227|121301|3|1213|威海|101121301
228|121302|3|1213|文登|101121302
229|121303|3|1213|荣成|101121303
230|121304|3|1213|乳山|101121304
231|121305|3|1213|成山头|101121305
232|121306|3|1213|石岛|101121306
233|1214|2|12|枣庄|
234|121401|3|1214|枣庄|101121401
235|121402|3|1214|薛城|101121402
236|121403|3|1214|峄城|101121403
237|121404|3|1214|台儿庄|101121404
238|121405|3|1214|滕州|101121405
239|1215|2|12|日照|
240|121501|3|1215|日照|101121501
241|121502|3|1215|五莲|101121502
242|121503|3|1215|莒县|101121503
243|1216|2|12|莱芜|
244|121601|3|1216|莱芜|101121601
245|1217|2|12|聊城|
246|121701|3|1217|聊城|101121701
247|121702|3|1217|冠县|101121702
248|121703|3|1217|阳谷|101121703
249|121704|3|1217|高唐|101121704
250|121705|3|1217|茌平|101121705
251|121706|3|1217|东阿|101121706
252|121707|3|1217|临清|101121707
253|121708|3|1217|莘县|101121709
1|13|1|0|新疆|
2|1301|2|13|乌鲁木齐|
3|130101|3|1301|乌鲁木齐|101130101
4|130102|3|1301|小渠子|101130103
5|130103|3|1301|达坂城|101130105
6|130104|3|1301|乌鲁木齐牧试站|101130108
7|130105|3|1301|天池|101130109
8|130106|3|1301|白杨沟|101130110
9|1302|2|13|克拉玛依|
10|130201|3|1302|克拉玛依|101130201
11|130202|3|1302|乌尔禾|101130202
12|130203|3|1302|白碱滩|101130203
13|1303|2|13|石河子|
14|130301|3|1303|石河子|101130301
15|130302|3|1303|炮台|101130302
16|130303|3|1303|莫索湾|101130303
17|1304|2|13|昌吉|
18|130401|3|1304|昌吉|101130401
19|130402|3|1304|呼图壁|101130402
20|130403|3|1304|米泉|101130403
21|130404|3|1304|阜康|101130404
22|130405|3|1304|吉木萨尔|101130405
23|130406|3|1304|奇台|101130406
24|130407|3|1304|玛纳斯|101130407
25|130408|3|1304|木垒|101130408
26|130409|3|1304|蔡家湖|101130409
27|1305|2|13|吐鲁番|
28|130501|3|1305|吐鲁番|101130501
29|130502|3|1305|托克逊|101130502
30|130503|3|1305|鄯善|101130504
31|1306|2|13|巴音郭楞|
32|130601|3|1306|库尔勒|101130601
33|130602|3|1306|轮台|101130602
34|130603|3|1306|尉犁|101130603
35|130604|3|1306|若羌|101130604
36|130605|3|1306|且末|101130605
37|130606|3|1306|和静|101130606
38|130607|3|1306|焉耆|101130607
39|130608|3|1306|和硕|101130608
40|130609|3|1306|巴音布鲁克|101130610
41|130610|3|1306|铁干里克|101130611
42|130611|3|1306|博湖|101130612
43|130612|3|1306|塔中|101130613
44|130613|3|1306|巴仑台|101130614
45|1307|2|13|阿拉尔|
46|130701|3|1307|阿拉尔|101130701
47|1308|2|13|阿克苏|
48|130801|3|1308|阿克苏|101130801
49|130802|3|1308|乌什|101130802
50|130803|3|1308|温宿|101130803
51|130804|3|1308|拜城|101130804
52|130805|3|1308|新和|101130805
53|130806|3|1308|沙雅|101130806
54|130807|3|1308|库车|101130807
55|130808|3|1308|柯坪|101130808
56|130809|3|1308|阿瓦提|101130809
57|1309|2|13|喀什|
58|130901|3|1309|喀什|101130901
59|130902|3|1309|英吉沙|101130902
60|130903|3|1309|塔什库尔干|101130903
61|130904|3|1309|麦盖提|101130904
62|130905|3|1309|莎车|101130905
63|130906|3|1309|叶城|101130906
64|130907|3|1309|泽普|101130907
65|130908|3|1309|巴楚|101130908
66|130909|3|1309|岳普湖|101130909
67|130910|3|1309|伽师|101130910
68|130911|3|1309|疏附|101130911
69|130912|3|1309|疏勒|101130912
70|1310|2|13|伊犁|
71|131001|3|1310|伊宁|101131001
72|131002|3|1310|察布查尔|101131002
73|131003|3|1310|尼勒克|101131003
74|131004|3|1310|伊宁县|101131004
75|131005|3|1310|巩留|101131005
76|131006|3|1310|新源|101131006
77|131007|3|1310|昭苏|101131007
78|131008|3|1310|特克斯|101131008
79|131009|3|1310|霍城|101131009
80|131010|3|1310|霍尔果斯|101131010
81|131011|3|1310|奎屯|101131011
82|1311|2|13|塔城|
83|131101|3|1311|塔城|101131101
84|131102|3|1311|裕民|101131102
85|131103|3|1311|额敏|101131103
86|131104|3|1311|和布克赛尔|101131104
87|131105|3|1311|托里|101131105
88|131106|3|1311|乌苏|101131106
89|131107|3|1311|沙湾|101131107
90|1312|2|13|哈密|
91|131201|3|1312|哈密|101131201
92|131202|3|1312|巴里坤|101131203
93|131203|3|1312|伊吾|101131204
94|1313|2|13|和田|
95|131301|3|1313|和田|101131301
96|131302|3|1313|皮山|101131302
97|131303|3|1313|策勒|101131303
98|131304|3|1313|墨玉|101131304
99|131305|3|1313|洛浦|101131305
100|131306|3|1313|民丰|101131306
9|131307|3|1313|于田|101131307
10|1314|2|13|阿勒泰|
11|131401|3|1314|阿勒泰|101131401
12|131402|3|1314|哈巴河|101131402
13|131403|3|1314|吉木乃|101131405
14|131404|3|1314|布尔津|101131406
15|131405|3|1314|福海|101131407
16|131406|3|1314|富蕴|101131408
17|131407|3|1314|青河|101131409
2|1315|2|13|克州|
3|131501|3|1315|阿图什|101131501
4|131502|3|1315|乌恰|101131502
5|131503|3|1315|阿克陶|101131503
6|131504|3|1315|阿合奇|101131504
7|1316|2|13|博尔塔拉|
8|131601|3|1316|博乐|101131601
9|131602|3|1316|温泉|101131602
10|131603|3|1316|精河|101131603
11|131604|3|1316|阿拉山口|101131606
1|14|1|0|西藏|
2|1401|2|14|拉萨|
3|140101|3|1401|拉萨|101140101
4|140102|3|1401|当雄|101140102
5|140103|3|1401|尼木|101140103
6|140104|3|1401|林周|101140104
7|140105|3|1401|堆龙德庆|101140105
8|140106|3|1401|曲水|101140106
9|140107|3|1401|达孜|101140107
10|140108|3|1401|墨竹工卡|101140108
11|1402|2|14|日喀则|
12|140201|3|1402|日喀则|101140201
13|140202|3|1402|拉孜|101140202
14|140203|3|1402|南木林|101140203
15|140204|3|1402|聂拉木|101140204
16|140205|3|1402|定日|101140205
17|140206|3|1402|江孜|101140206
18|140207|3|1402|帕里|101140207
19|140208|3|1402|仲巴|101140208
20|140209|3|1402|萨嘎|101140209
21|140210|3|1402|吉隆|101140210
22|140211|3|1402|昂仁|101140211
23|140212|3|1402|定结|101140212
24|140213|3|1402|萨迦|101140213
25|140214|3|1402|谢通门|101140214
26|140215|3|1402|岗巴|101140216
27|140216|3|1402|白朗|101140217
28|140217|3|1402|亚东|101140218
29|140218|3|1402|康马|101140219
30|140219|3|1402|仁布|101140220
31|1403|2|14|山南|
32|140301|3|1403|山南|101140301
33|140302|3|1403|贡嘎|101140302
34|140303|3|1403|扎囊|101140303
35|140304|3|1403|加查|101140304
36|140305|3|1403|浪卡子|101140305
37|140306|3|1403|错那|101140306
38|140307|3|1403|隆子|101140307
39|140308|3|1403|泽当|101140308
40|140309|3|1403|乃东|101140309
41|140310|3|1403|桑日|101140310
42|140311|3|1403|洛扎|101140311
43|140312|3|1403|措美|101140312
44|140313|3|1403|琼结|101140313
45|140314|3|1403|曲松|101140314
46|1404|2|14|林芝|
47|140401|3|1404|林芝|101140401
48|140402|3|1404|波密|101140402
49|140403|3|1404|米林|101140403
50|140404|3|1404|察隅|101140404
51|140405|3|1404|工布江达|101140405
52|140406|3|1404|朗县|101140406
53|140407|3|1404|墨脱|101140407
54|1405|2|14|昌都|
55|140501|3|1405|昌都|101140501
56|140502|3|1405|丁青|101140502
57|140503|3|1405|边坝|101140503
58|140504|3|1405|洛隆|101140504
59|140505|3|1405|左贡|101140505
60|140506|3|1405|芒康|101140506
61|140507|3|1405|类乌齐|101140507
62|140508|3|1405|八宿|101140508
63|140509|3|1405|江达|101140509
64|140510|3|1405|察雅|101140510
65|140511|3|1405|贡觉|101140511
66|1406|2|14|那曲|
67|140601|3|1406|那曲|101140601
68|140602|3|1406|尼玛|101140602
69|140603|3|1406|嘉黎|101140603
70|140604|3|1406|班戈|101140604
71|140605|3|1406|安多|101140605
72|140606|3|1406|索县|101140606
73|140607|3|1406|聂荣|101140607
74|140608|3|1406|巴青|101140608
75|140609|3|1406|比如|101140609
76|140610|3|1406|双湖|101140610
77|1407|2|14|阿里|
78|140701|3|1407|阿里|101140701
79|140702|3|1407|改则|101140702
80|140703|3|1407|申扎|101140703
81|140704|3|1407|狮泉河|101140704
82|140705|3|1407|普兰|101140705
83|140706|3|1407|札达|101140706
84|140707|3|1407|噶尔|101140707
85|140708|3|1407|日土|101140708
86|140709|3|1407|革吉|101140709
87|140710|3|1407|措勤|101140710
1|15|1|0|青海|
2|1501|2|15|西宁|
3|150101|3|1501|西宁|101150101
4|150102|3|1501|大通|101150102
5|150103|3|1501|湟源|101150103
6|150104|3|1501|湟中|101150104
7|1502|2|15|海东|
8|150201|3|1502|海东|101150201
9|150202|3|1502|乐都|101150202
10|150203|3|1502|民和|101150203
11|150204|3|1502|互助|101150204
12|150205|3|1502|化隆|101150205
13|150206|3|1502|循化|101150206
14|150207|3|1502|冷湖|101150207
15|150208|3|1502|平安|101150208
16|1503|2|15|黄南|
17|150301|3|1503|黄南|101150301
18|150302|3|1503|尖扎|101150302
19|150303|3|1503|泽库|101150303
20|150304|3|1503|河南|101150304
21|150305|3|1503|同仁|101150305
22|1504|2|15|海南|
23|150401|3|1504|海南|101150401
24|150402|3|1504|贵德|101150404
25|150403|3|1504|兴海|101150406
26|150404|3|1504|贵南|101150407
27|150405|3|1504|同德|101150408
28|150406|3|1504|共和|101150409
29|1505|2|15|果洛|
30|150501|3|1505|果洛|101150501
31|150502|3|1505|班玛|101150502
32|150503|3|1505|甘德|101150503
33|150504|3|1505|达日|101150504
34|150505|3|1505|久治|101150505
35|150506|3|1505|玛多|101150506
36|150507|3|1505|多县|101150507
37|150508|3|1505|玛沁|101150508
38|1506|2|15|玉树|
39|150601|3|1506|玉树|101150601
40|150602|3|1506|称多|101150602
41|150603|3|1506|治多|101150603
42|150604|3|1506|杂多|101150604
43|150605|3|1506|囊谦|101150605
44|150606|3|1506|曲麻莱|101150606
45|1507|2|15|海西|
46|150701|3|1507|海西|101150701
47|150702|3|1507|天峻|101150708
48|150703|3|1507|乌兰|101150709
49|150704|3|1507|茫崖|101150712
50|150705|3|1507|大柴旦|101150713
51|150706|3|1507|德令哈|101150716
52|1508|2|15|海北|
53|150801|3|1508|海北|101150801
54|150802|3|1508|门源|101150802
55|150803|3|1508|祁连|101150803
56|150804|3|1508|海晏|101150804
57|150805|3|1508|刚察|101150806
58|1509|2|15|格尔木|
59|150901|3|1509|格尔木|101150901
60|150902|3|1509|都兰|101150902
1|16|1|0|甘肃|
2|1601|2|16|兰州|
3|160101|3|1601|兰州|101160101
4|160102|3|1601|皋兰|101160102
5|160103|3|1601|永登|101160103
6|160104|3|1601|榆中|101160104
7|1602|2|16|定西|
8|160201|3|1602|定西|101160201
9|160202|3|1602|通渭|101160202
10|160203|3|1602|陇西|101160203
11|160204|3|1602|渭源|101160204
12|160205|3|1602|临洮|101160205
13|160206|3|1602|漳县|101160206
14|160207|3|1602|岷县|101160207
15|160208|3|1602|安定|101160208
16|1603|2|16|平凉|
17|160301|3|1603|平凉|101160301
18|160302|3|1603|泾川|101160302
19|160303|3|1603|灵台|101160303
20|160304|3|1603|崇信|101160304
21|160305|3|1603|华亭|101160305
22|160306|3|1603|庄浪|101160306
23|160307|3|1603|静宁|101160307
24|160308|3|1603|崆峒|101160308
25|1604|2|16|庆阳|
26|160401|3|1604|西峰|101160401
27|160402|3|1604|环县|101160403
28|160403|3|1604|华池|101160404
29|160404|3|1604|合水|101160405
30|160405|3|1604|正宁|101160406
31|160406|3|1604|宁县|101160407
32|160407|3|1604|镇原|101160408
33|160408|3|1604|庆城|101160409
34|1605|2|16|武威|
35|160501|3|1605|武威|101160501
36|160502|3|1605|民勤|101160502
37|160503|3|1605|古浪|101160503
38|160504|3|1605|天祝|101160505
39|1606|2|16|金昌|
40|160601|3|1606|金昌|101160601
41|160602|3|1606|永昌|101160602
42|1607|2|16|张掖|
43|160701|3|1607|张掖|101160701
44|160702|3|1607|肃南|101160702
45|160703|3|1607|民乐|101160703
46|160704|3|1607|临泽|101160704
47|160705|3|1607|高台|101160705
48|160706|3|1607|山丹|101160706
49|1608|2|16|酒泉|
50|160801|3|1608|酒泉|101160801
51|160802|3|1608|金塔|101160803
52|160803|3|1608|阿克塞|101160804
53|160804|3|1608|瓜州|101160805
54|160805|3|1608|肃北|101160806
55|160806|3|1608|玉门|101160807
56|160807|3|1608|敦煌|101160808
57|1609|2|16|天水|
58|160901|3|1609|天水|101160901
59|160902|3|1609|清水|101160903
60|160903|3|1609|秦安|101160904
61|160904|3|1609|甘谷|101160905
62|160905|3|1609|武山|101160906
63|160906|3|1609|张家川|101160907
64|160907|3|1609|麦积|101160908
65|1610|2|16|陇南|
66|161001|3|1610|武都|101161001
4|161002|3|1610|成县|101161002
5|161003|3|1610|文县|101161003
6|161004|3|1610|宕昌|101161004
7|161005|3|1610|康县|101161005
8|161006|3|1610|西和|101161006
9|161007|3|1610|礼县|101161007
10|161008|3|1610|徽县|101161008
11|161009|3|1610|两当|101161009
12|1611|2|16|临夏|
13|161101|3|1611|临夏|101161101
14|161102|3|1611|康乐|101161102
15|161103|3|1611|永靖|101161103
16|161104|3|1611|广河|101161104
17|161105|3|1611|和政|101161105
18|161106|3|1611|东乡|101161106
19|161107|3|1611|积石山|101161107
20|1612|2|16|甘南|
21|161201|3|1612|合作|101161201
22|161202|3|1612|临潭|101161202
23|161203|3|1612|卓尼|101161203
24|161204|3|1612|舟曲|101161204
25|161205|3|1612|迭部|101161205
26|161206|3|1612|玛曲|101161206
27|161207|3|1612|碌曲|101161207
28|161208|3|1612|夏河|101161208
29|1613|2|16|白银|
30|161301|3|1613|白银|101161301
31|161302|3|1613|靖远|101161302
32|161303|3|1613|会宁|101161303
33|161304|3|1613|平川|101161304
34|161305|3|1613|景泰|101161305
35|1614|2|16|嘉峪关|
36|161401|3|1614|嘉峪关|101161401
1|17|1|0|宁夏|
2|1701|2|17|银川|
3|170101|3|1701|银川|101170101
4|170102|3|1701|永宁|101170102
5|170103|3|1701|灵武|101170103
6|170104|3|1701|贺兰|101170104
7|1702|2|17|石嘴山|
8|170201|3|1702|石嘴山|101170201
9|170202|3|1702|惠农|101170202
10|170203|3|1702|平罗|101170203
11|170204|3|1702|陶乐|101170204
12|1703|2|17|吴忠|
13|170301|3|1703|吴忠|101170301
14|170302|3|1703|同心|101170302
15|170303|3|1703|盐池|101170303
16|170304|3|1703|青铜峡|101170306
17|1704|2|17|固原|
18|170401|3|1704|固原|101170401
19|170402|3|1704|西吉|101170402
20|170403|3|1704|隆德|101170403
21|170404|3|1704|泾源|101170404
22|170405|3|1704|彭阳|101170406
23|1705|2|17|中卫|
24|170501|3|1705|中卫|101170501
25|170502|3|1705|中宁|101170502
26|170503|3|1705|海原|101170504
1|18|1|0|河南|
2|1801|2|18|郑州|
3|180101|3|1801|郑州|101180101
4|180102|3|1801|巩义|101180102
5|180103|3|1801|荥阳|101180103
6|180104|3|1801|登封|101180104
7|180105|3|1801|新密|101180105
8|180106|3|1801|新郑|101180106
9|180107|3|1801|中牟|101180107
10|180108|3|1801|上街|101180108
11|1802|2|18|安阳|
12|180201|3|1802|安阳|101180201
13|180202|3|1802|汤阴|101180202
14|180203|3|1802|滑县|101180203
15|180204|3|1802|内黄|101180204
16|180205|3|1802|林州|101180205
17|1803|2|18|新乡|
18|180301|3|1803|新乡|101180301
19|180302|3|1803|获嘉|101180302
20|180303|3|1803|原阳|101180303
21|180304|3|1803|辉县|101180304
22|180305|3|1803|卫辉|101180305
23|180306|3|1803|延津|101180306
24|180307|3|1803|封丘|101180307
25|180308|3|1803|长垣|101180308
26|1804|2|18|许昌|
27|180401|3|1804|许昌|101180401
28|180402|3|1804|鄢陵|101180402
29|180403|3|1804|襄城|101180403
30|180404|3|1804|长葛|101180404
31|180405|3|1804|禹州|101180405
32|1805|2|18|平顶山|
33|180501|3|1805|平顶山|101180501
34|180502|3|1805|郏县|101180502
35|180503|3|1805|宝丰|101180503
36|180504|3|1805|汝州|101180504
37|180505|3|1805|叶县|101180505
38|180506|3|1805|舞钢|101180506
39|180507|3|1805|鲁山|101180507
40|180508|3|1805|石龙|101180508
41|1806|2|18|信阳|
42|180601|3|1806|信阳|101180601
43|180602|3|1806|息县|101180602
44|180603|3|1806|罗山|101180603
45|180604|3|1806|光山|101180604
46|180605|3|1806|新县|101180605
47|180606|3|1806|淮滨|101180606
48|180607|3|1806|潢川|101180607
49|180608|3|1806|固始|101180608
50|180609|3|1806|商城|101180609
51|1807|2|18|南阳|
52|180701|3|1807|南阳|101180701
53|180702|3|1807|南召|101180702
54|180703|3|1807|方城|101180703
55|180704|3|1807|社旗|101180704
56|180705|3|1807|西峡|101180705
57|180706|3|1807|内乡|101180706
58|180707|3|1807|镇平|101180707
59|180708|3|1807|淅川|101180708
60|180709|3|1807|新野|101180709
61|180710|3|1807|唐河|101180710
62|180711|3|1807|邓州|101180711
63|180712|3|1807|桐柏|101180712
64|1808|2|18|开封|
65|180801|3|1808|开封|101180801
66|180802|3|1808|杞县|101180802
67|180803|3|1808|尉氏|101180803
68|180804|3|1808|通许|101180804
69|180805|3|1808|兰考|101180805
70|1809|2|18|洛阳|
71|180901|3|1809|洛阳|101180901
72|180902|3|1809|新安|101180902
73|180903|3|1809|孟津|101180903
74|180904|3|1809|宜阳|101180904
75|180905|3|1809|洛宁|101180905
76|180906|3|1809|伊川|101180906
77|180907|3|1809|嵩县|101180907
78|180908|3|1809|偃师|101180908
79|180909|3|1809|栾川|101180909
80|180910|3|1809|汝阳|101180910
81|180911|3|1809|吉利|101180911
82|1810|2|18|商丘|
83|181001|3|1810|商丘|101181001
84|181002|3|1810|睢县|101181003
85|181003|3|1810|民权|101181004
86|181004|3|1810|虞城|101181005
87|181005|3|1810|柘城|101181006
88|181006|3|1810|宁陵|101181007
89|181007|3|1810|夏邑|101181008
90|181008|3|1810|永城|101181009
91|1811|2|18|焦作|
92|181101|3|1811|焦作|101181101
93|181102|3|1811|修武|101181102
94|181103|3|1811|武陟|101181103
95|181104|3|1811|沁阳|101181104
96|181105|3|1811|博爱|101181106
97|181106|3|1811|温县|101181107
98|181107|3|1811|孟州|101181108
2|1812|2|18|鹤壁|
3|181201|3|1812|鹤壁|101181201
4|181202|3|1812|浚县|101181202
5|181203|3|1812|淇县|101181203
6|1813|2|18|濮阳|
7|181301|3|1813|濮阳|101181301
8|181302|3|1813|台前|101181302
9|181303|3|1813|南乐|101181303
10|181304|3|1813|清丰|101181304
11|181305|3|1813|范县|101181305
12|1814|2|18|周口|
13|181401|3|1814|周口|101181401
14|181402|3|1814|扶沟|101181402
15|181403|3|1814|太康|101181403
16|181404|3|1814|淮阳|101181404
17|181405|3|1814|西华|101181405
18|181406|3|1814|商水|101181406
19|181407|3|1814|项城|101181407
20|181408|3|1814|郸城|101181408
21|181409|3|1814|鹿邑|101181409
22|181410|3|1814|沈丘|101181410
23|1815|2|18|漯河|
24|181501|3|1815|漯河|101181501
25|181502|3|1815|临颍|101181502
26|181503|3|1815|舞阳|101181503
27|1816|2|18|驻马店|
28|181601|3|1816|驻马店|101181601
29|181602|3|1816|西平|101181602
30|181603|3|1816|遂平|101181603
31|181604|3|1816|上蔡|101181604
32|181605|3|1816|汝南|101181605
33|181606|3|1816|泌阳|101181606
34|181607|3|1816|平舆|101181607
35|181608|3|1816|新蔡|101181608
36|181609|3|1816|确山|101181609
37|181610|3|1816|正阳|101181610
38|1817|2|18|三门峡|
39|181701|3|1817|三门峡|101181701
40|181702|3|1817|灵宝|101181702
41|181703|3|1817|渑池|101181703
42|181704|3|1817|卢氏|101181704
43|181705|3|1817|义马|101181705
44|181706|3|1817|陕县|101181706
45|1818|2|18|济源|
46|181801|3|1818|济源|101181801
1|19|1|0|江苏|
2|1901|2|19|南京|
3|190101|3|1901|南京|101190101
4|190102|3|1901|溧水|101190102
5|190103|3|1901|高淳|101190103
6|190104|3|1901|江宁|101190104
7|190105|3|1901|六合|101190105
8|190106|3|1901|江浦|101190106
9|190107|3|1901|浦口|101190107
10|1902|2|19|无锡|
11|190201|3|1902|无锡|101190201
12|190202|3|1902|江阴|101190202
13|190203|3|1902|宜兴|101190203
14|190204|3|1902|锡山|101190204
15|1903|2|19|镇江|
16|190301|3|1903|镇江|101190301
17|190302|3|1903|丹阳|101190302
18|190303|3|1903|扬中|101190303
19|190304|3|1903|句容|101190304
20|190305|3|1903|丹徒|101190305
21|1904|2|19|苏州|
22|190401|3|1904|苏州|101190401
23|190402|3|1904|常熟|101190402
24|190403|3|1904|张家港|101190403
25|190404|3|1904|昆山|101190404
26|190405|3|1904|吴中|101190405
27|190406|3|1904|吴江|101190407
28|190407|3|1904|太仓|101190408
29|1905|2|19|南通|
3|190501|3|1905|南通|101190501
4|190502|3|1905|海安|101190502
5|190503|3|1905|如皋|101190503
6|190504|3|1905|如东|101190504
7|190505|3|1905|启东|101190507
8|190506|3|1905|海门|101190508
9|190507|3|1905|通州|101190509
10|1906|2|19|扬州|
11|190601|3|1906|扬州|101190601
12|190602|3|1906|宝应|101190602
13|190603|3|1906|仪征|101190603
14|190604|3|1906|高邮|101190604
15|190605|3|1906|江都|101190605
16|190606|3|1906|邗江|101190606
17|1907|2|19|盐城|
18|190701|3|1907|盐城|101190701
19|190702|3|1907|响水|101190702
20|190703|3|1907|滨海|101190703
21|190704|3|1907|阜宁|101190704
22|190705|3|1907|射阳|101190705
23|190706|3|1907|建湖|101190706
24|190707|3|1907|东台|101190707
25|190708|3|1907|大丰|101190708
26|190709|3|1907|盐都|101190709
27|1908|2|19|徐州|
28|190801|3|1908|徐州|101190801
29|190802|3|1908|铜山|101190802
30|190803|3|1908|丰县|101190803
31|190804|3|1908|沛县|101190804
32|190805|3|1908|邳州|101190805
33|190806|3|1908|睢宁|101190806
34|190807|3|1908|新沂|101190807
35|1909|2|19|淮安|
36|190901|3|1909|淮安|101190901
37|190902|3|1909|金湖|101190902
38|190903|3|1909|盱眙|101190903
39|190904|3|1909|洪泽|101190904
40|190905|3|1909|涟水|101190905
41|190906|3|1909|淮阴区|101190906
42|190907|3|1909|淮安区|101190908
43|1910|2|19|连云港|
44|191001|3|1910|连云港|101191001
45|191002|3|1910|东海|101191002
46|191003|3|1910|赣榆|101191003
47|191004|3|1910|灌云|101191004
48|191005|3|1910|灌南|101191005
49|1911|2|19|常州|
50|191101|3|1911|常州|101191101
51|191102|3|1911|溧阳|101191102
52|191103|3|1911|金坛|101191103
53|191104|3|1911|武进|101191104
54|1912|2|19|泰州|
55|191201|3|1912|泰州|101191201
56|191202|3|1912|兴化|101191202
57|191203|3|1912|泰兴|101191203
58|191204|3|1912|姜堰|101191204
59|191205|3|1912|靖江|101191205
60|1913|2|19|宿迁|
61|191301|3|1913|宿迁|101191301
62|191302|3|1913|沭阳|101191302
63|191303|3|1913|泗阳|101191303
64|191304|3|1913|泗洪|101191304
65|191305|3|1913|宿豫|101191305
1|20|1|0|湖北|
2|2001|2|20|武汉|
3|200101|3|2001|武汉|101200101
4|200102|3|2001|蔡甸|101200102
5|200103|3|2001|黄陂|101200103
6|200104|3|2001|新洲|101200104
7|200105|3|2001|江夏|101200105
8|200106|3|2001|东西湖|101200106
9|2002|2|20|襄阳|
10|200201|3|2002|襄阳|101200201
11|200202|3|2002|襄州|101200202
12|200203|3|2002|保康|101200203
13|200204|3|2002|南漳|101200204
14|200205|3|2002|宜城|101200205
15|200206|3|2002|老河口|101200206
16|200207|3|2002|谷城|101200207
17|200208|3|2002|枣阳|101200208
18|2003|2|20|鄂州|
19|200301|3|2003|鄂州|101200301
20|200302|3|2003|梁子湖|101200302
21|2004|2|20|孝感|
22|200401|3|2004|孝感|101200401
23|200402|3|2004|安陆|101200402
24|200403|3|2004|云梦|101200403
25|200404|3|2004|大悟|101200404
26|200405|3|2004|应城|101200405
27|200406|3|2004|汉川|101200406
28|200407|3|2004|孝昌|101200407
29|2005|2|20|黄冈|
30|200501|3|2005|黄冈|101200501
31|200502|3|2005|红安|101200502
32|200503|3|2005|麻城|101200503
33|200504|3|2005|罗田|101200504
34|200505|3|2005|英山|101200505
35|200506|3|2005|浠水|101200506
36|200507|3|2005|蕲春|101200507
37|200508|3|2005|黄梅|101200508
38|200509|3|2005|武穴|101200509
39|200510|3|2005|团风|101200510
40|2006|2|20|黄石|
41|200601|3|2006|黄石|101200601
42|200602|3|2006|大冶|101200602
43|200603|3|2006|阳新|101200603
44|200604|3|2006|铁山|101200604
45|200605|3|2006|下陆|101200605
46|200606|3|2006|西塞山|101200606
47|2007|2|20|咸宁|
48|200701|3|2007|咸宁|101200701
49|200702|3|2007|赤壁|101200702
50|200703|3|2007|嘉鱼|101200703
51|200704|3|2007|崇阳|101200704
52|200705|3|2007|通城|101200705
53|200706|3|2007|通山|101200706
54|2008|2|20|荆州|
55|200801|3|2008|荆州|101200801
56|200802|3|2008|江陵|101200802
57|200803|3|2008|公安|101200803
58|200804|3|2008|石首|101200804
59|200805|3|2008|监利|101200805
60|200806|3|2008|洪湖|101200806
61|200807|3|2008|松滋|101200807
62|200808|3|2008|沙市|101201406
63|2009|2|20|宜昌|
64|200901|3|2009|宜昌|101200901
65|200902|3|2009|远安|101200902
66|200903|3|2009|秭归|101200903
67|200904|3|2009|兴山|101200904
68|200905|3|2009|五峰|101200906
69|200906|3|2009|当阳|101200907
70|200907|3|2009|长阳|101200908
71|200908|3|2009|宜都|101200909
72|200909|3|2009|枝江|101200910
73|200910|3|2009|三峡|101200911
74|200911|3|2009|夷陵|101200912
75|2010|2|20|恩施|
76|201001|3|2010|恩施|101201001
77|201002|3|2010|利川|101201002
78|201003|3|2010|建始|101201003
79|201004|3|2010|咸丰|101201004
80|201005|3|2010|宣恩|101201005
81|201006|3|2010|鹤峰|101201006
82|201007|3|2010|来凤|101201007
83|201008|3|2010|巴东|101201008
84|2011|2|20|十堰|
85|201101|3|2011|十堰|101201101
86|201102|3|2011|竹溪|101201102
87|201103|3|2011|郧西|101201103
88|201104|3|2011|郧县|101201104
89|201105|3|2011|竹山|101201105
90|201106|3|2011|房县|101201106
91|201107|3|2011|丹江口|101201107
92|201108|3|2011|茅箭|101201108
93|201109|3|2011|张湾|101201109
94|2012|2|20|神农架|
95|201201|3|2012|神农架|101201201
96|2013|2|20|随州|
97|201301|3|2013|随州|101201301
98|201302|3|2013|广水|101201302
99|2014|2|20|荆门|
100|201401|3|2014|荆门|101201401
101|201402|3|2014|钟祥|101201402
102|201403|3|2014|京山|101201403
103|201404|3|2014|掇刀|101201404
104|201405|3|2014|沙洋|101201405
105|2015|2|20|天门|
106|201501|3|2015|天门|101201501
107|2016|2|20|仙桃|
108|201601|3|2016|仙桃|101201601
109|2017|2|20|潜江|
110|201701|3|2017|潜江|101201701
1|21|1|0|浙江|
2|2101|2|21|杭州|
3|210101|3|2101|杭州|101210101
4|210102|3|2101|萧山|101210102
5|210103|3|2101|桐庐|101210103
6|210104|3|2101|淳安|101210104
7|210105|3|2101|建德|101210105
8|210106|3|2101|余杭|101210106
9|210107|3|2101|临安|101210107
10|210108|3|2101|富阳|101210108
11|2102|2|21|湖州|
12|210201|3|2102|湖州|101210201
13|210202|3|2102|长兴|101210202
14|210203|3|2102|安吉|101210203
15|210204|3|2102|德清|101210204
16|2103|2|21|嘉兴|
17|210301|3|2103|嘉兴|101210301
18|210302|3|2103|嘉善|101210302
19|210303|3|2103|海宁|101210303
20|210304|3|2103|桐乡|101210304
21|210305|3|2103|平湖|101210305
22|210306|3|2103|海盐|101210306
23|2104|2|21|宁波|
24|210401|3|2104|宁波|101210401
25|210402|3|2104|慈溪|101210403
26|210403|3|2104|余姚|101210404
27|210404|3|2104|奉化|101210405
28|210405|3|2104|象山|101210406
29|210406|3|2104|宁海|101210408
30|210407|3|2104|北仑|101210410
31|210408|3|2104|鄞州|101210411
32|210409|3|2104|镇海|101210412
33|2105|2|21|绍兴|
34|210501|3|2105|绍兴|101210501
35|210502|3|2105|诸暨|101210502
36|210503|3|2105|上虞|101210503
37|210504|3|2105|新昌|101210504
38|210505|3|2105|嵊州|101210505
39|2106|2|21|台州|
40|210601|3|2106|台州|101210601
41|210602|3|2106|玉环|101210603
42|210603|3|2106|三门|101210604
43|210604|3|2106|天台|101210605
44|210605|3|2106|仙居|101210606
45|210606|3|2106|温岭|101210607
46|210607|3|2106|洪家|101210609
47|210608|3|2106|临海|101210610
48|210609|3|2106|椒江|101210611
49|210610|3|2106|黄岩|101210612
50|210611|3|2106|路桥|101210613
51|2107|2|21|温州|
52|210701|3|2107|温州|101210701
53|210702|3|2107|泰顺|101210702
54|210703|3|2107|文成|101210703
55|210704|3|2107|平阳|101210704
56|210705|3|2107|瑞安|101210705
57|210706|3|2107|洞头|101210706
58|210707|3|2107|乐清|101210707
59|210708|3|2107|永嘉|101210708
60|210709|3|2107|苍南|101210709
61|2108|2|21|丽水|
62|210801|3|2108|丽水|101210801
63|210802|3|2108|遂昌|101210802
64|210803|3|2108|龙泉|101210803
65|210804|3|2108|缙云|101210804
66|210805|3|2108|青田|101210805
67|210806|3|2108|云和|101210806
68|210807|3|2108|庆元|101210807
69|210808|3|2108|松阳|101210808
70|210809|3|2108|景宁|101210809
71|2109|2|21|金华|
72|210901|3|2109|金华|101210901
73|210902|3|2109|浦江|101210902
74|210903|3|2109|兰溪|101210903
75|210904|3|2109|义乌|101210904
76|210905|3|2109|东阳|101210905
77|210906|3|2109|武义|101210906
78|210907|3|2109|永康|101210907
79|210908|3|2109|磐安|101210908
80|2110|2|21|衢州|
81|211001|3|2110|衢州|101211001
82|211002|3|2110|常山|101211002
83|211003|3|2110|开化|101211003
84|211004|3|2110|龙游|101211004
85|211005|3|2110|江山|101211005
86|211006|3|2110|衢江|101211006
87|2111|2|21|舟山|
88|211101|3|2111|舟山|101211101
89|211102|3|2111|嵊泗|101211102
90|211103|3|2111|岱山|101211104
6|211104|3|2111|普陀|101211105
7|211105|3|2111|定海|101211106
1|22|1|0|安徽|
2|2201|2|22|合肥|
3|220101|3|2201|合肥|101220101
4|220102|3|2201|长丰|101220102
5|220103|3|2201|肥东|101220103
6|220104|3|2201|肥西|101220104
7|2202|2|22|蚌埠|
8|220201|3|2202|蚌埠|101220201
9|220202|3|2202|怀远|101220202
10|220203|3|2202|固镇|101220203
11|220204|3|2202|五河|101220204
12|2203|2|22|芜湖|
13|220301|3|2203|芜湖|101220301
14|220302|3|2203|繁昌|101220302
15|220303|3|2203|芜湖县|101220303
16|220304|3|2203|南陵|101220304
17|2204|2|22|淮南|
18|220401|3|2204|淮南|101220401
19|220402|3|2204|凤台|101220402
20|220403|3|2204|潘集|101220403
21|2205|2|22|马鞍山|
22|220501|3|2205|马鞍山|101220501
23|220502|3|2205|当涂|101220502
24|2206|2|22|安庆|
25|220601|3|2206|安庆|101220601
26|220602|3|2206|枞阳|101220602
27|220603|3|2206|太湖|101220603
28|220604|3|2206|潜山|101220604
29|220605|3|2206|怀宁|101220605
30|220606|3|2206|宿松|101220606
31|220607|3|2206|望江|101220607
32|220608|3|2206|岳西|101220608
33|220609|3|2206|桐城|101220609
34|2207|2|22|宿州|
35|220701|3|2207|宿州|101220701
36|220702|3|2207|砀山|101220702
37|220703|3|2207|灵璧|101220703
38|220704|3|2207|泗县|101220704
39|220705|3|2207|萧县|101220705
40|2208|2|22|阜阳|
41|220801|3|2208|阜阳|101220801
42|220802|3|2208|阜南|101220802
43|220803|3|2208|颍上|101220803
44|220804|3|2208|临泉|101220804
45|220805|3|2208|界首|101220805
46|220806|3|2208|太和|101220806
47|2209|2|22|亳州|
48|220901|3|2209|亳州|101220901
49|220902|3|2209|涡阳|101220902
50|220903|3|2209|利辛|101220903
51|220904|3|2209|蒙城|101220904
52|2210|2|22|黄山|
53|221001|3|2210|黄山市|101221001
54|221002|3|2210|黄山区|101221002
55|221003|3|2210|屯溪|101221003
56|221004|3|2210|祁门|101221004
57|221005|3|2210|黟县|101221005
58|221006|3|2210|歙县|101221006
59|221007|3|2210|休宁|101221007
60|221008|3|2210|黄山风景区|101221008
61|2211|2|22|滁州|
62|221101|3|2211|滁州|101221101
63|221102|3|2211|凤阳|101221102
64|221103|3|2211|明光|101221103
65|221104|3|2211|定远|101221104
66|221105|3|2211|全椒|101221105
67|221106|3|2211|来安|101221106
68|221107|3|2211|天长|101221107
69|2212|2|22|淮北|
70|221201|3|2212|淮北|101221201
71|221202|3|2212|濉溪|101221202
72|2213|2|22|铜陵|
73|221301|3|2213|铜陵|101221301
74|2214|2|22|宣城|
75|221401|3|2214|宣城|101221401
76|221402|3|2214|泾县|101221402
77|221403|3|2214|旌德|101221403
78|221404|3|2214|宁国|101221404
79|221405|3|2214|绩溪|101221405
80|221406|3|2214|广德|101221406
81|221407|3|2214|郎溪|101221407
82|2215|2|22|六安|
83|221501|3|2215|六安|101221501
84|221502|3|2215|霍邱|101221502
85|221503|3|2215|寿县|101221503
86|221504|3|2215|金寨|101221505
87|221505|3|2215|霍山|101221506
88|221506|3|2215|舒城|101221507
89|2216|2|22|巢湖|
90|221601|3|2216|巢湖|101221601
91|221602|3|2216|庐江|101221602
92|221603|3|2216|无为|101221603
93|221604|3|2216|含山|101221604
94|221605|3|2216|和县|101221605
95|2217|2|22|池州|
96|221701|3|2217|池州|101221701
97|221702|3|2217|东至|101221702
98|221703|3|2217|青阳|101221703
99|221704|3|2217|九华山|101221704
100|221705|3|2217|石台|101221705
1|23|1|0|福建|
2|2301|2|23|福州|
3|230101|3|2301|福州|101230101
4|230102|3|2301|闽清|101230102
5|230103|3|2301|闽侯|101230103
6|230104|3|2301|罗源|101230104
7|230105|3|2301|连江|101230105
8|230106|3|2301|永泰|101230107
9|230107|3|2301|平潭|101230108
10|230108|3|2301|长乐|101230110
11|230109|3|2301|福清|101230111
12|2302|2|23|厦门|
13|230201|3|2302|厦门|101230201
14|230202|3|2302|同安|101230202
15|2303|2|23|宁德|
16|230301|3|2303|宁德|101230301
17|230302|3|2303|古田|101230302
18|230303|3|2303|霞浦|101230303
19|230304|3|2303|寿宁|101230304
20|230305|3|2303|周宁|101230305
21|230306|3|2303|福安|101230306
22|230307|3|2303|柘荣|101230307
23|230308|3|2303|福鼎|101230308
24|230309|3|2303|屏南|101230309
25|2304|2|23|莆田|
26|230401|3|2304|莆田|101230401
27|230402|3|2304|仙游|101230402
28|230403|3|2304|秀屿港|101230403
29|230404|3|2304|涵江|101230404
30|230405|3|2304|秀屿|101230405
31|230406|3|2304|荔城|101230406
32|230407|3|2304|城厢|101230407
33|2305|2|23|泉州|
34|230501|3|2305|泉州|101230501
35|230502|3|2305|安溪|101230502
36|230503|3|2305|永春|101230504
37|230504|3|2305|德化|101230505
38|230505|3|2305|南安|101230506
39|230506|3|2305|崇武|101230507
40|230507|3|2305|惠安|101230508
41|230508|3|2305|晋江|101230509
42|230509|3|2305|石狮|101230510
43|2306|2|23|漳州|
44|230601|3|2306|漳州|101230601
45|230602|3|2306|长泰|101230602
46|230603|3|2306|南靖|101230603
47|230604|3|2306|平和|101230604
48|230605|3|2306|龙海|101230605
49|230606|3|2306|漳浦|101230606
50|230607|3|2306|诏安|101230607
51|230608|3|2306|东山|101230608
52|230609|3|2306|云霄|101230609
53|230610|3|2306|华安|101230610
54|2307|2|23|龙岩|
55|230701|3|2307|龙岩|101230701
56|230702|3|2307|长汀|101230702
57|230703|3|2307|连城|101230703
58|230704|3|2307|武平|101230704
59|230705|3|2307|上杭|101230705
60|230706|3|2307|永定|101230706
9|230707|3|2307|漳平|101230707
10|2308|2|23|三明|
11|230801|3|2308|三明|101230801
12|230802|3|2308|宁化|101230802
13|230803|3|2308|清流|101230803
14|230804|3|2308|泰宁|101230804
15|230805|3|2308|将乐|101230805
16|230806|3|2308|建宁|101230806
17|230807|3|2308|明溪|101230807
18|230808|3|2308|沙县|101230808
19|230809|3|2308|尤溪|101230809
20|230810|3|2308|永安|101230810
21|230811|3|2308|大田|101230811
22|2309|2|23|南平|
23|230901|3|2309|南平|101230901
24|230902|3|2309|顺昌|101230902
25|230903|3|2309|光泽|101230903
26|230904|3|2309|邵武|101230904
27|230905|3|2309|武夷山|101230905
8|230906|3|2309|浦城|101230906
9|230907|3|2309|建阳|101230907
10|230908|3|2309|松溪|101230908
11|230909|3|2309|政和|101230909
12|230910|3|2309|建瓯|101230910
1|24|1|0|江西|
2|2401|2|24|南昌|
3|240101|3|2401|南昌|101240101
4|240102|3|2401|新建|101240102
5|240103|3|2401|南昌县|101240103
6|240104|3|2401|安义|101240104
7|240105|3|2401|进贤|101240105
8|2402|2|24|九江|
9|240201|3|2402|九江|101240201
10|240202|3|2402|瑞昌|101240202
11|240203|3|2402|庐山|101240203
12|240204|3|2402|武宁|101240204
13|240205|3|2402|德安|101240205
14|240206|3|2402|永修|101240206
15|240207|3|2402|湖口|101240207
16|240208|3|2402|彭泽|101240208
17|240209|3|2402|星子|101240209
18|240210|3|2402|都昌|101240210
19|240211|3|2402|修水|101240212
20|2403|2|24|上饶|
21|240301|3|2403|上饶|101240301
22|240302|3|2403|鄱阳|101240302
23|240303|3|2403|婺源|101240303
24|240304|3|2403|余干|101240305
25|240305|3|2403|万年|101240306
26|240306|3|2403|德兴|101240307
27|240307|3|2403|上饶县|101240308
28|240308|3|2403|弋阳|101240309
29|240309|3|2403|横峰|101240310
30|240310|3|2403|铅山|101240311
31|240311|3|2403|玉山|101240312
32|240312|3|2403|广丰|101240313
33|2404|2|24|抚州|
34|240401|3|2404|抚州|101240401
35|240402|3|2404|广昌|101240402
36|240403|3|2404|乐安|101240403
37|240404|3|2404|崇仁|101240404
38|240405|3|2404|金溪|101240405
39|240406|3|2404|资溪|101240406
40|240407|3|2404|宜黄|101240407
41|240408|3|2404|南城|101240408
42|240409|3|2404|南丰|101240409
43|240410|3|2404|黎川|101240410
44|240411|3|2404|东乡|101240411
45|2405|2|24|宜春|
46|240501|3|2405|宜春|101240501
47|240502|3|2405|铜鼓|101240502
48|240503|3|2405|宜丰|101240503
49|240504|3|2405|万载|101240504
50|240505|3|2405|上高|101240505
51|240506|3|2405|靖安|101240506
52|240507|3|2405|奉新|101240507
53|240508|3|2405|高安|101240508
54|240509|3|2405|樟树|101240509
55|240510|3|2405|丰城|101240510
56|2406|2|24|吉安|
57|240601|3|2406|吉安|101240601
58|240602|3|2406|吉安县|101240602
59|240603|3|2406|吉水|101240603
60|240604|3|2406|新干|101240604
61|240605|3|2406|峡江|101240605
62|240606|3|2406|永丰|101240606
63|240607|3|2406|永新|101240607
64|240608|3|2406|井冈山|101240608
65|240609|3|2406|万安|101240609
66|240610|3|2406|遂川|101240610
67|240611|3|2406|泰和|101240611
68|240612|3|2406|安福|101240612
69|240613|3|2406|宁冈|101240613
70|2407|2|24|赣州|
71|240701|3|2407|赣州|101240701
72|240702|3|2407|崇义|101240702
73|240703|3|2407|上犹|101240703
74|240704|3|2407|南康|101240704
75|240705|3|2407|大余|101240705
76|240706|3|2407|信丰|101240706
77|240707|3|2407|宁都|101240707
78|240708|3|2407|石城|101240708
79|240709|3|2407|瑞金|101240709
80|240710|3|2407|于都|101240710
81|240711|3|2407|会昌|101240711
82|240712|3|2407|安远|101240712
83|240713|3|2407|全南|101240713
84|240714|3|2407|龙南|101240714
85|240715|3|2407|定南|101240715
86|240716|3|2407|寻乌|101240716
87|240717|3|2407|兴国|101240717
88|240718|3|2407|赣县|101240718
89|2408|2|24|景德镇|
90|240801|3|2408|景德镇|101240801
91|240802|3|2408|乐平|101240802
92|240803|3|2408|浮梁|101240803
93|2409|2|24|萍乡|
94|240901|3|2409|萍乡|101240901
95|240902|3|2409|莲花|101240902
96|240903|3|2409|上栗|101240903
97|240904|3|2409|安源|101240904
98|240905|3|2409|芦溪|101240905
99|240906|3|2409|湘东|101240906
100|2410|2|24|新余|
101|241001|3|2410|新余|101241001
102|241002|3|2410|分宜|101241002
103|2411|2|24|鹰潭|
104|241101|3|2411|鹰潭|101241101
105|241102|3|2411|余江|101241102
106|241103|3|2411|贵溪|101241103
1|25|1|0|湖南|
2|2501|2|25|长沙|
3|250101|3|2501|长沙|101250101
4|250102|3|2501|宁乡|101250102
5|250103|3|2501|浏阳|101250103
6|250104|3|2501|马坡岭|101250104
7|250105|3|2501|望城|101250105
8|2502|2|25|湘潭|
9|250201|3|2502|湘潭|101250201
10|250202|3|2502|韶山|101250202
11|250203|3|2502|湘乡|101250203
12|2503|2|25|株洲|
13|250301|3|2503|株洲|101250301
14|250302|3|2503|攸县|101250302
15|250303|3|2503|醴陵|101250303
16|250304|3|2503|茶陵|101250305
17|250305|3|2503|炎陵|101250306
18|2504|2|25|衡阳|
19|250401|3|2504|衡阳|101250401
20|250402|3|2504|衡山|101250402
21|250403|3|2504|衡东|101250403
22|250404|3|2504|祁东|101250404
23|250405|3|2504|衡阳县|101250405
24|250406|3|2504|常宁|101250406
25|250407|3|2504|衡南|101250407
26|250408|3|2504|耒阳|101250408
27|250409|3|2504|南岳|101250409
28|2505|2|25|郴州|
29|250501|3|2505|郴州|101250501
30|250502|3|2505|桂阳|101250502
31|250503|3|2505|嘉禾|101250503
32|250504|3|2505|宜章|101250504
33|250505|3|2505|临武|101250505
34|250506|3|2505|资兴|101250507
35|250507|3|2505|汝城|101250508
36|250508|3|2505|安仁|101250509
37|250509|3|2505|永兴|101250510
38|250510|3|2505|桂东|101250511
39|250511|3|2505|苏仙|101250512
40|2506|2|25|常德|
41|250601|3|2506|常德|101250601
42|250602|3|2506|安乡|101250602
5|250603|3|2506|桃源|101250603
6|250604|3|2506|汉寿|101250604
7|250605|3|2506|澧县|101250605
8|250606|3|2506|临澧|101250606
9|250607|3|2506|石门|101250607
10|250608|3|2506|津市|101250608
11|2507|2|25|益阳|
3|250701|3|2507|益阳|101250700
4|250702|3|2507|赫山区|101250701
5|250703|3|2507|南县|101250702
6|250704|3|2507|桃江|101250703
7|250705|3|2507|安化|101250704
8|250706|3|2507|沅江|101250705
9|2508|2|25|娄底|
10|250801|3|2508|娄底|101250801
11|250802|3|2508|双峰|101250802
12|250803|3|2508|冷水江|101250803
13|250804|3|2508|新化|101250805
14|250805|3|2508|涟源|101250806
15|2509|2|25|邵阳|
16|250901|3|2509|邵阳|101250901
17|250902|3|2509|隆回|101250902
18|250903|3|2509|洞口|101250903
19|250904|3|2509|新邵|101250904
20|250905|3|2509|邵东|101250905
21|250906|3|2509|绥宁|101250906
22|250907|3|2509|新宁|101250907
23|250908|3|2509|武冈|101250908
24|250909|3|2509|城步|101250909
25|250910|3|2509|邵阳县|101250910
26|2510|2|25|岳阳|
27|251001|3|2510|岳阳|101251001
28|251002|3|2510|华容|101251002
29|251003|3|2510|湘阴|101251003
30|251004|3|2510|汨罗|101251004
31|251005|3|2510|平江|101251005
32|251006|3|2510|临湘|101251006
33|2511|2|25|张家界|
34|251101|3|2511|张家界|101251101
35|251102|3|2511|桑植|101251102
36|251103|3|2511|慈利|101251103
37|251104|3|2511|武陵源|101251104
38|2512|2|25|怀化|
39|251201|3|2512|怀化|101251201
40|251202|3|2512|沅陵|101251203
41|251203|3|2512|辰溪|101251204
42|251204|3|2512|靖州|101251205
43|251205|3|2512|会同|101251206
44|251206|3|2512|通道|101251207
45|251207|3|2512|麻阳|101251208
46|251208|3|2512|新晃|101251209
47|251209|3|2512|芷江|101251210
48|251210|3|2512|溆浦|101251211
49|251211|3|2512|中方|101251212
50|251212|3|2512|洪江|101251213
51|2513|2|25|永州|
52|251301|3|2513|永州|101251401
53|251302|3|2513|祁阳|101251402
54|251303|3|2513|东安|101251403
55|251304|3|2513|双牌|101251404
56|251305|3|2513|道县|101251405
57|251306|3|2513|宁远|101251406
58|251307|3|2513|江永|101251407
59|251308|3|2513|蓝山|101251408
60|251309|3|2513|新田|101251409
61|251310|3|2513|江华|101251410
62|251311|3|2513|冷水滩|101251411
63|2514|2|25|湘西|
64|251401|3|2514|吉首|101251501
65|251402|3|2514|保靖|101251502
66|251403|3|2514|永顺|101251503
67|251404|3|2514|古丈|101251504
68|251405|3|2514|凤凰|101251505
69|251406|3|2514|泸溪|101251506
70|251407|3|2514|龙山|101251507
71|251408|3|2514|花垣|101251508
1|26|1|0|贵州|
2|2601|2|26|贵阳|
3|260101|3|2601|贵阳|101260101
4|260102|3|2601|白云|101260102
5|260103|3|2601|花溪|101260103
6|260104|3|2601|乌当|101260104
7|260105|3|2601|息烽|101260105
8|260106|3|2601|开阳|101260106
9|260107|3|2601|修文|101260107
10|260108|3|2601|清镇|101260108
11|260109|3|2601|小河|101260109
12|260110|3|2601|云岩|101260110
13|260111|3|2601|南明|101260111
14|2602|2|26|遵义|
15|260201|3|2602|遵义|101260201
16|260202|3|2602|遵义县|101260202
17|260203|3|2602|仁怀|101260203
18|260204|3|2602|绥阳|101260204
19|260205|3|2602|湄潭|101260205
20|260206|3|2602|凤冈|101260206
21|260207|3|2602|桐梓|101260207
22|260208|3|2602|赤水|101260208
23|260209|3|2602|习水|101260209
24|260210|3|2602|道真|101260210
25|260211|3|2602|正安|101260211
26|260212|3|2602|务川|101260212
27|260213|3|2602|余庆|101260213
28|260214|3|2602|汇川|101260214
29|260215|3|2602|红花岗|101260215
30|2603|2|26|安顺|
31|260301|3|2603|安顺|101260301
32|260302|3|2603|普定|101260302
33|260303|3|2603|镇宁|101260303
34|260304|3|2603|平坝|101260304
35|260305|3|2603|紫云|101260305
36|260306|3|2603|关岭|101260306
37|2604|2|26|黔南|
38|260401|3|2604|都匀|101260401
39|260402|3|2604|贵定|101260402
40|260403|3|2604|瓮安|101260403
41|260404|3|2604|长顺|101260404
42|260405|3|2604|福泉|101260405
43|260406|3|2604|惠水|101260406
44|260407|3|2604|龙里|101260407
45|260408|3|2604|罗甸|101260408
46|260409|3|2604|平塘|101260409
47|260410|3|2604|独山|101260410
48|260411|3|2604|三都|101260411
49|260412|3|2604|荔波|101260412
50|2605|2|26|黔东南|
51|260501|3|2605|凯里|101260501
52|260502|3|2605|岑巩|101260502
53|260503|3|2605|施秉|101260503
54|260504|3|2605|镇远|101260504
55|260505|3|2605|黄平|101260505
56|260506|3|2605|麻江|101260507
57|260507|3|2605|丹寨|101260508
58|260508|3|2605|三穗|101260509
59|260509|3|2605|台江|101260510
60|260510|3|2605|剑河|101260511
61|260511|3|2605|雷山|101260512
62|260512|3|2605|黎平|101260513
63|260513|3|2605|天柱|101260514
64|260514|3|2605|锦屏|101260515
65|260515|3|2605|榕江|101260516
66|260516|3|2605|从江|101260517
67|2606|2|26|铜仁|
68|260601|3|2606|铜仁|101260601
69|260602|3|2606|江口|101260602
70|260603|3|2606|玉屏|101260603
71|260604|3|2606|万山|101260604
72|260605|3|2606|思南|101260605
73|260606|3|2606|印江|101260607
74|260607|3|2606|石阡|101260608
75|260608|3|2606|沿河|101260609
76|260609|3|2606|德江|101260610
77|260610|3|2606|松桃|101260611
78|2607|2|26|毕节|
79|260701|3|2607|毕节|101260701
80|260702|3|2607|赫章|101260702
81|260703|3|2607|金沙|101260703
82|260704|3|2607|威宁|101260704
83|260705|3|2607|大方|101260705
84|260706|3|2607|纳雍|101260706
85|260707|3|2607|织金|101260707
86|260708|3|2607|黔西|101260708
87|2608|2|26|六盘水|
88|260801|3|2608|水城|101260801
89|260802|3|2608|六枝|101260802
90|260803|3|2608|盘县|101260804
91|2609|2|26|黔西南|
92|260901|3|2609|兴义|101260901
93|260902|3|2609|晴隆|101260902
94|260903|3|2609|兴仁|101260903
95|260904|3|2609|贞丰|101260904
96|260905|3|2609|望谟|101260905
97|260906|3|2609|安龙|101260907
98|260907|3|2609|册亨|101260908
99|260908|3|2609|普安|101260909
1|27|1|0|四川|
2|2701|2|27|成都|
3|270101|3|2701|成都|101270101
4|270102|3|2701|龙泉驿|101270102
5|270103|3|2701|新都|101270103
6|270104|3|2701|温江|101270104
7|270105|3|2701|金堂|101270105
8|270106|3|2701|双流|101270106
9|270107|3|2701|郫县|101270107
10|270108|3|2701|大邑|101270108
11|270109|3|2701|蒲江|101270109
12|270110|3|2701|新津|101270110
13|270111|3|2701|都江堰|101270111
14|270112|3|2701|彭州|101270112
15|270113|3|2701|邛崃|101270113
16|270114|3|2701|崇州|101270114
17|2702|2|27|攀枝花|
18|270201|3|2702|攀枝花|101270201
19|270202|3|2702|仁和|101270202
20|270203|3|2702|米易|101270203
21|270204|3|2702|盐边|101270204
22|2703|2|27|自贡|
23|270301|3|2703|自贡|101270301
24|270302|3|2703|富顺|101270302
25|270303|3|2703|荣县|101270303
26|2704|2|27|绵阳|
27|270401|3|2704|绵阳|101270401
28|270402|3|2704|三台|101270402
29|270403|3|2704|盐亭|101270403
30|270404|3|2704|安县|101270404
31|270405|3|2704|梓潼|101270405
32|270406|3|2704|北川|101270406
33|270407|3|2704|平武|101270407
34|270408|3|2704|江油|101270408
35|2705|2|27|南充|
36|270501|3|2705|南充|101270501
37|270502|3|2705|南部|101270502
38|270503|3|2705|营山|101270503
39|270504|3|2705|蓬安|101270504
40|270505|3|2705|仪陇|101270505
41|270506|3|2705|西充|101270506
42|270507|3|2705|阆中|101270507
43|2706|2|27|达州|
44|270601|3|2706|达州|101270601
45|270602|3|2706|宣汉|101270602
46|270603|3|2706|开江|101270603
47|270604|3|2706|大竹|101270604
48|270605|3|2706|渠县|101270605
49|270606|3|2706|万源|101270606
50|270607|3|2706|通川|101270607
51|270608|3|2706|达县|101270608
52|2707|2|27|遂宁|
53|270701|3|2707|遂宁|101270701
54|270702|3|2707|蓬溪|101270702
55|270703|3|2707|射洪|101270703
56|2708|2|27|广安|
57|270801|3|2708|广安|101270801
58|270802|3|2708|岳池|101270802
59|270803|3|2708|武胜|101270803
60|270804|3|2708|邻水|101270804
61|270805|3|2708|华蓥|101270805
62|2709|2|27|巴中|
63|270901|3|2709|巴中|101270901
64|270902|3|2709|通江|101270902
65|270903|3|2709|南江|101270903
66|270904|3|2709|平昌|101270904
67|2710|2|27|泸州|
68|271001|3|2710|泸州|101271001
69|271002|3|2710|泸县|101271003
70|271003|3|2710|合江|101271004
71|271004|3|2710|叙永|101271005
72|271005|3|2710|古蔺|101271006
73|271006|3|2710|纳溪|101271007
74|2711|2|27|宜宾|
75|271101|3|2711|宜宾|101271101
76|271102|3|2711|宜宾县|101271103
77|271103|3|2711|南溪|101271104
78|271104|3|2711|江安|101271105
79|271105|3|2711|长宁|101271106
80|271106|3|2711|高县|101271107
81|271107|3|2711|珙县|101271108
82|271108|3|2711|筠连|101271109
83|271109|3|2711|兴文|101271110
84|271110|3|2711|屏山|101271111
85|2712|2|27|内江|
86|271201|3|2712|内江|101271201
87|271202|3|2712|东兴|101271202
88|271203|3|2712|威远|101271203
89|271204|3|2712|资中|101271204
90|271205|3|2712|隆昌|101271205
91|2713|2|27|资阳|
92|271301|3|2713|资阳|101271301
93|271302|3|2713|安岳|101271302
94|271303|3|2713|乐至|101271303
95|271304|3|2713|简阳|101271304
96|2714|2|27|乐山|
97|271401|3|2714|乐山|101271401
98|271402|3|2714|犍为|101271402
99|271403|3|2714|井研|101271403
100|271404|3|2714|夹江|101271404
101|271405|3|2714|沐川|101271405
102|271406|3|2714|峨边|101271406
103|271407|3|2714|马边|101271407
104|271408|3|2714|峨眉|101271408
105|271409|3|2714|峨眉山|101271409
106|2715|2|27|眉山|
107|271501|3|2715|眉山|101271501
108|271502|3|2715|仁寿|101271502
109|271503|3|2715|彭山|101271503
110|271504|3|2715|洪雅|101271504
111|271505|3|2715|丹棱|101271505
112|271506|3|2715|青神|101271506
113|2716|2|27|凉山|
114|271601|3|2716|凉山|101271601
115|271602|3|2716|木里|101271603
116|271603|3|2716|盐源|101271604
117|271604|3|2716|德昌|101271605
118|271605|3|2716|会理|101271606
119|271606|3|2716|会东|101271607
120|271607|3|2716|宁南|101271608
121|271608|3|2716|普格|101271609
122|271609|3|2716|西昌|101271610
123|271610|3|2716|金阳|101271611
124|271611|3|2716|昭觉|101271612
125|271612|3|2716|喜德|101271613
126|271613|3|2716|冕宁|101271614
127|271614|3|2716|越西|101271615
128|271615|3|2716|甘洛|101271616
129|271616|3|2716|雷波|101271617
130|271617|3|2716|美姑|101271618
131|271618|3|2716|布拖|101271619
132|2717|2|27|雅安|
133|271701|3|2717|雅安|101271701
134|271702|3|2717|名山|101271702
135|271703|3|2717|荥经|101271703
136|271704|3|2717|汉源|101271704
137|271705|3|2717|石棉|101271705
138|271706|3|2717|天全|101271706
139|271707|3|2717|芦山|101271707
140|271708|3|2717|宝兴|101271708
141|2718|2|27|甘孜|
142|271801|3|2718|甘孜|101271801
143|271802|3|2718|康定|101271802
144|271803|3|2718|泸定|101271803
145|271804|3|2718|丹巴|101271804
146|271805|3|2718|九龙|101271805
147|271806|3|2718|雅江|101271806
148|271807|3|2718|道孚|101271807
149|271808|3|2718|炉霍|101271808
150|271809|3|2718|新龙|101271809
151|271810|3|2718|德格|101271810
152|271811|3|2718|白玉|101271811
153|271812|3|2718|石渠|101271812
154|271813|3|2718|色达|101271813
155|271814|3|2718|理塘|101271814
156|271815|3|2718|巴塘|101271815
157|271816|3|2718|乡城|101271816
158|271817|3|2718|稻城|101271817
159|271818|3|2718|得荣|101271818
160|2719|2|27|阿坝|
161|271901|3|2719|阿坝|101271901
162|271902|3|2719|汶川|101271902
163|271903|3|2719|理县|101271903
164|271904|3|2719|茂县|101271904
165|271905|3|2719|松潘|101271905
166|271906|3|2719|九寨沟|101271906
167|271907|3|2719|金川|101271907
168|271908|3|2719|小金|101271908
169|271909|3|2719|黑水|101271909
170|271910|3|2719|马尔康|101271910
171|271911|3|2719|壤塘|101271911
172|271912|3|2719|若尔盖|101271912
173|271913|3|2719|红原|101271913
174|2720|2|27|德阳|
175|272001|3|2720|德阳|101272001
176|272002|3|2720|中江|101272002
177|272003|3|2720|广汉|101272003
178|272004|3|2720|什邡|101272004
179|272005|3|2720|绵竹|101272005
180|272006|3|2720|罗江|101272006
181|2721|2|27|广元|
182|272101|3|2721|广元|101272101
183|272102|3|2721|旺苍|101272102
184|272103|3|2721|青川|101272103
185|272104|3|2721|剑阁|101272104
186|272105|3|2721|苍溪|101272105
1|28|1|0|广东|
2|2801|2|28|广州|
3|280101|3|2801|广州|101280101
4|280102|3|2801|番禺|101280102
5|280103|3|2801|从化|101280103
6|280104|3|2801|增城|101280104
7|280105|3|2801|花都|101280105
8|2802|2|28|韶关|
9|280201|3|2802|韶关|101280201
10|280202|3|2802|乳源|101280202
11|280203|3|2802|始兴|101280203
12|280204|3|2802|翁源|101280204
13|280205|3|2802|乐昌|101280205
14|280206|3|2802|仁化|101280206
15|280207|3|2802|南雄|101280207
16|280208|3|2802|新丰|101280208
17|280209|3|2802|曲江|101280209
18|280210|3|2802|浈江|101280210
19|280211|3|2802|武江|101280211
20|2803|2|28|惠州|
21|280301|3|2803|惠州|101280301
22|280302|3|2803|博罗|101280302
23|280303|3|2803|惠阳|101280303
24|280304|3|2803|惠东|101280304
25|280305|3|2803|龙门|101280305
26|2804|2|28|梅州|
27|280401|3|2804|梅州|101280401
28|280402|3|2804|兴宁|101280402
29|280403|3|2804|蕉岭|101280403
30|280404|3|2804|大埔|101280404
31|280405|3|2804|丰顺|101280406
32|280406|3|2804|平远|101280407
33|280407|3|2804|五华|101280408
34|280408|3|2804|梅县|101280409
35|2805|2|28|汕头|
36|280501|3|2805|汕头|101280501
37|280502|3|2805|潮阳|101280502
38|280503|3|2805|澄海|101280503
39|280504|3|2805|南澳|101280504
40|2806|2|28|深圳|
41|280601|3|2806|深圳|101280601
42|2807|2|28|珠海|
43|280701|3|2807|珠海|101280701
44|280702|3|2807|斗门|101280702
45|280703|3|2807|金湾|101280703
46|2808|2|28|佛山|
47|280801|3|2808|佛山|101280800
48|280802|3|2808|顺德|101280801
49|280803|3|2808|三水|101280802
50|280804|3|2808|南海|101280803
51|280805|3|2808|高明|101280804
52|2809|2|28|肇庆|
53|280901|3|2809|肇庆|101280901
54|280902|3|2809|广宁|101280902
55|280903|3|2809|四会|101280903
56|280904|3|2809|德庆|101280905
57|280905|3|2809|怀集|101280906
58|280906|3|2809|封开|101280907
59|280907|3|2809|高要|101280908
60|2810|2|28|湛江|
61|281001|3|2810|湛江|101281001
62|281002|3|2810|吴川|101281002
63|281003|3|2810|雷州|101281003
64|281004|3|2810|徐闻|101281004
65|281005|3|2810|廉江|101281005
66|281006|3|2810|赤坎|101281006
67|281007|3|2810|遂溪|101281007
68|281008|3|2810|坡头|101281008
69|281009|3|2810|霞山|101281009
70|281010|3|2810|麻章|101281010
2|2811|2|28|江门|
3|281101|3|2811|江门|101281101
4|281102|3|2811|开平|101281103
5|281103|3|2811|新会|101281104
6|281104|3|2811|恩平|101281105
7|281105|3|2811|台山|101281106
8|281106|3|2811|蓬江|101281107
9|281107|3|2811|鹤山|101281108
10|281108|3|2811|江海|101281109
11|2812|2|28|河源|
12|281201|3|2812|河源|101281201
13|281202|3|2812|紫金|101281202
14|281203|3|2812|连平|101281203
15|281204|3|2812|和平|101281204
16|281205|3|2812|龙川|101281205
17|281206|3|2812|东源|101281206
18|2813|2|28|清远|
19|281301|3|2813|清远|101281301
20|281302|3|2813|连南|101281302
21|281303|3|2813|连州|101281303
22|281304|3|2813|连山|101281304
23|281305|3|2813|阳山|101281305
24|281306|3|2813|佛冈|101281306
25|281307|3|2813|英德|101281307
26|281308|3|2813|清新|101281308
27|2814|2|28|云浮|
28|281401|3|2814|云浮|101281401
29|281402|3|2814|罗定|101281402
30|281403|3|2814|新兴|101281403
31|281404|3|2814|郁南|101281404
32|281405|3|2814|云安|101281406
33|2815|2|28|潮州|
34|281501|3|2815|潮州|101281501
35|281502|3|2815|饶平|101281502
36|281503|3|2815|潮安|101281503
37|2816|2|28|东莞|
38|281601|3|2816|东莞|101281601
39|2817|2|28|中山|
40|281701|3|2817|中山|101281701
41|2818|2|28|阳江|
42|281801|3|2818|阳江|101281801
43|281802|3|2818|阳春|101281802
44|281803|3|2818|阳东|101281803
45|281804|3|2818|阳西|101281804
46|2819|2|28|揭阳|
47|281901|3|2819|揭阳|101281901
48|281902|3|2819|揭西|101281902
49|281903|3|2819|普宁|101281903
50|281904|3|2819|惠来|101281904
51|281905|3|2819|揭东|101281905
52|2820|2|28|茂名|
53|282001|3|2820|茂名|101282001
54|282002|3|2820|高州|101282002
55|282003|3|2820|化州|101282003
56|282004|3|2820|电白|101282004
57|282005|3|2820|信宜|101282005
58|282006|3|2820|茂港|101282006
59|2821|2|28|汕尾|
60|282101|3|2821|汕尾|101282101
61|282102|3|2821|海丰|101282102
62|282103|3|2821|陆丰|101282103
63|282104|3|2821|陆河|101282104
1|29|1|0|云南|
2|2901|2|29|昆明|
3|290101|3|2901|昆明|101290101
4|290102|3|2901|东川|101290103
5|290103|3|2901|寻甸|101290104
6|290104|3|2901|晋宁|101290105
7|290105|3|2901|宜良|101290106
8|290106|3|2901|石林|101290107
9|290107|3|2901|呈贡|101290108
10|290108|3|2901|富民|101290109
11|290109|3|2901|嵩明|101290110
12|290110|3|2901|禄劝|101290111
13|290111|3|2901|安宁|101290112
14|290112|3|2901|太华山|101290113
15|2902|2|29|大理|
16|290201|3|2902|大理|101290201
17|290202|3|2902|云龙|101290202
18|290203|3|2902|漾濞|101290203
19|290204|3|2902|永平|101290204
20|290205|3|2902|宾川|101290205
21|290206|3|2902|弥渡|101290206
22|290207|3|2902|祥云|101290207
23|290208|3|2902|巍山|101290208
24|290209|3|2902|剑川|101290209
25|290210|3|2902|洱源|101290210
26|290211|3|2902|鹤庆|101290211
27|290212|3|2902|南涧|101290212
28|2903|2|29|红河|
29|290301|3|2903|红河|101290301
30|290302|3|2903|石屏|101290302
31|290303|3|2903|建水|101290303
32|290304|3|2903|弥勒|101290304
33|290305|3|2903|元阳|101290305
34|290306|3|2903|绿春|101290306
35|290307|3|2903|开远|101290307
36|290308|3|2903|个旧|101290308
37|290309|3|2903|蒙自|101290309
38|290310|3|2903|屏边|101290310
39|290311|3|2903|泸西|101290311
40|290312|3|2903|金平|101290312
41|290313|3|2903|河口|101290313
42|2904|2|29|曲靖|
43|290401|3|2904|曲靖|101290401
44|290402|3|2904|沾益|101290402
45|290403|3|2904|陆良|101290403
46|290404|3|2904|富源|101290404
47|290405|3|2904|马龙|101290405
48|290406|3|2904|师宗|101290406
49|290407|3|2904|罗平|101290407
50|290408|3|2904|会泽|101290408
51|290409|3|2904|宣威|101290409
52|2905|2|29|保山|
53|290501|3|2905|保山|101290501
54|290502|3|2905|龙陵|101290503
55|290503|3|2905|施甸|101290504
56|290504|3|2905|昌宁|101290505
57|290505|3|2905|腾冲|101290506
58|2906|2|29|文山|
59|290601|3|2906|文山|101290601
60|290602|3|2906|西畴|101290602
61|290603|3|2906|马关|101290603
62|290604|3|2906|麻栗坡|101290604
63|290605|3|2906|砚山|101290605
64|290606|3|2906|丘北|101290606
65|290607|3|2906|广南|101290607
66|290608|3|2906|富宁|101290608
67|2907|2|29|玉溪|
68|290701|3|2907|玉溪|101290701
69|290702|3|2907|澄江|101290702
70|290703|3|2907|江川|101290703
71|290704|3|2907|通海|101290704
72|290705|3|2907|华宁|101290705
73|290706|3|2907|新平|101290706
74|290707|3|2907|易门|101290707
75|290708|3|2907|峨山|101290708
76|290709|3|2907|元江|101290709
77|2908|2|29|楚雄|
78|290801|3|2908|楚雄|101290801
79|290802|3|2908|大姚|101290802
80|290803|3|2908|元谋|101290803
81|290804|3|2908|姚安|101290804
82|290805|3|2908|牟定|101290805
83|290806|3|2908|南华|101290806
84|290807|3|2908|武定|101290807
85|290808|3|2908|禄丰|101290808
86|290809|3|2908|双柏|101290809
87|290810|3|2908|永仁|101290810
88|2909|2|29|普洱|
89|290901|3|2909|普洱|101290901
90|290902|3|2909|景谷|101290902
91|290903|3|2909|景东|101290903
92|290904|3|2909|澜沧|101290904
93|290905|3|2909|墨江|101290906
94|290906|3|2909|江城|101290907
95|290907|3|2909|孟连|101290908
96|290908|3|2909|西盟|101290909
97|290909|3|2909|镇沅|101290911
98|290910|3|2909|宁洱|101290912
99|2910|2|29|昭通|
100|291001|3|2910|昭通|101291001
101|291002|3|2910|鲁甸|101291002
102|291003|3|2910|彝良|101291003
103|291004|3|2910|镇雄|101291004
104|291005|3|2910|威信|101291005
105|291006|3|2910|巧家|101291006
106|291007|3|2910|绥江|101291007
107|291008|3|2910|永善|101291008
108|291009|3|2910|盐津|101291009
109|291010|3|2910|大关|101291010
110|291011|3|2910|水富|101291011
111|2911|2|29|临沧|
112|291101|3|2911|临沧|101291101
113|291102|3|2911|沧源|101291102
114|291103|3|2911|耿马|101291103
115|291104|3|2911|双江|101291104
116|291105|3|2911|凤庆|101291105
117|291106|3|2911|永德|101291106
118|291107|3|2911|云县|101291107
119|291108|3|2911|镇康|101291108
120|2912|2|29|怒江|
121|291201|3|2912|怒江|101291201
122|291202|3|2912|福贡|101291203
123|291203|3|2912|兰坪|101291204
124|291204|3|2912|泸水|101291205
125|291205|3|2912|六库|101291206
126|291206|3|2912|贡山|101291207
127|2913|2|29|迪庆|
128|291301|3|2913|香格里拉|101291301
129|291302|3|2913|德钦|101291302
130|291303|3|2913|维西|101291303
131|291304|3|2913|中甸|101291304
132|2914|2|29|丽江|
133|291401|3|2914|丽江|101291401
134|291402|3|2914|永胜|101291402
135|291403|3|2914|华坪|101291403
136|291404|3|2914|宁蒗|101291404
137|2915|2|29|德宏|
138|291501|3|2915|德宏|101291501
139|291502|3|2915|陇川|101291503
140|291503|3|2915|盈江|101291504
141|291504|3|2915|瑞丽|101291506
142|291505|3|2915|梁河|101291507
143|291506|3|2915|潞西|101291508
144|2916|2|29|西双版纳|
145|291601|3|2916|景洪|101291601
146|291602|3|2916|勐海|101291603
147|291603|3|2916|勐腊|101291605
148|30|1|0|广西|
149|3001|2|30|南宁|
150|300101|3|3001|南宁|101300101
151|300102|3|3001|邕宁|101300103
152|300103|3|3001|横县|101300104
153|300104|3|3001|隆安|101300105
154|300105|3|3001|马山|101300106
155|300106|3|3001|上林|101300107
156|300107|3|3001|武鸣|101300108
157|300108|3|3001|宾阳|101300109
158|3002|2|30|崇左|
159|300201|3|3002|崇左|101300201
160|300202|3|3002|天等|101300202
161|300203|3|3002|龙州|101300203
162|300204|3|3002|凭祥|101300204
163|300205|3|3002|大新|101300205
164|300206|3|3002|扶绥|101300206
165|300207|3|3002|宁明|101300207
166|3003|2|30|柳州|
167|300301|3|3003|柳州|101300301
168|300302|3|3003|柳城|101300302
169|300303|3|3003|鹿寨|101300304
170|300304|3|3003|柳江|101300305
171|300305|3|3003|融安|101300306
172|300306|3|3003|融水|101300307
173|300307|3|3003|三江|101300308
174|3004|2|30|来宾|
175|300401|3|3004|来宾|101300401
176|300402|3|3004|忻城|101300402
177|300403|3|3004|金秀|101300403
178|300404|3|3004|象州|101300404
179|300405|3|3004|武宣|101300405
180|300406|3|3004|合山|101300406
181|3005|2|30|桂林|
182|300501|3|3005|桂林|101300501
183|300502|3|3005|龙胜|101300503
184|300503|3|3005|永福|101300504
185|300504|3|3005|临桂|101300505
186|300505|3|3005|兴安|101300506
187|300506|3|3005|灵川|101300507
188|300507|3|3005|全州|101300508
189|300508|3|3005|灌阳|101300509
190|300509|3|3005|阳朔|101300510
191|300510|3|3005|恭城|101300511
192|300511|3|3005|平乐|101300512
193|300512|3|3005|荔浦|101300513
194|300513|3|3005|资源|101300514
195|3006|2|30|梧州|
196|300601|3|3006|梧州|101300601
197|300602|3|3006|藤县|101300602
198|300603|3|3006|苍梧|101300604
199|300604|3|3006|蒙山|101300605
200|300605|3|3006|岑溪|101300606
201|3007|2|30|贺州|
202|300701|3|3007|贺州|101300701
203|300702|3|3007|昭平|101300702
204|300703|3|3007|富川|101300703
205|300704|3|3007|钟山|101300704
206|3008|2|30|贵港|
207|300801|3|3008|贵港|101300801
208|300802|3|3008|桂平|101300802
209|300803|3|3008|平南|101300803
210|3009|2|30|玉林|
211|300901|3|3009|玉林|101300901
212|300902|3|3009|博白|101300902
213|300903|3|3009|北流|101300903
214|300904|3|3009|容县|101300904
215|300905|3|3009|陆川|101300905
216|300906|3|3009|兴业|101300906
217|3010|2|30|百色|
218|301001|3|3010|百色|101301001
219|301002|3|3010|那坡|101301002
220|301003|3|3010|田阳|101301003
221|301004|3|3010|德保|101301004
222|301005|3|3010|靖西|101301005
223|301006|3|3010|田东|101301006
224|301007|3|3010|平果|101301007
225|301008|3|3010|隆林|101301008
226|301009|3|3010|西林|101301009
227|301010|3|3010|乐业|101301010
228|301011|3|3010|凌云|101301011
229|301012|3|3010|田林|101301012
230|3011|2|30|钦州|
231|301101|3|3011|钦州|101301101
232|301102|3|3011|浦北|101301102
233|301103|3|3011|灵山|101301103
234|3012|2|30|河池|
235|301201|3|3012|河池|101301201
236|301202|3|3012|天峨|101301202
237|301203|3|3012|东兰|101301203
238|301204|3|3012|巴马|101301204
239|301205|3|3012|环江|101301205
240|301206|3|3012|罗城|101301206
241|301207|3|3012|宜州|101301207
242|301208|3|3012|凤山|101301208
243|301209|3|3012|南丹|101301209
244|301210|3|3012|都安|101301210
245|301211|3|3012|大化|101301211
246|3013|2|30|北海|
247|301301|3|3013|北海|101301301
248|301302|3|3013|合浦|101301302
249|301303|3|3013|涠洲岛|101301303
250|3014|2|30|防城港|
251|301401|3|3014|防城港|101301401
252|301402|3|3014|上思|101301402
253|301403|3|3014|东兴|101301403
254|301404|3|3014|防城|101301405
1|31|1|0|海南|
2|3101|2|31|海口|
3|310101|3|3101|海口|101310101
4|3102|2|31|三亚|
5|310201|3|3102|三亚|101310201
6|3103|2|31|东方|
7|310301|3|3103|东方|101310202
8|3104|2|31|临高|
9|310401|3|3104|临高|101310203
10|3105|2|31|澄迈|
11|310501|3|3105|澄迈|101310204
12|3106|2|31|儋州|
13|310601|3|3106|儋州|101310205
14|3107|2|31|昌江|
15|310701|3|3107|昌江|101310206
16|3108|2|31|白沙|
17|310801|3|3108|白沙|101310207
18|3109|2|31|琼中|
19|310901|3|3109|琼中|101310208
20|3110|2|31|定安|
21|311001|3|3110|定安|101310209
22|3111|2|31|屯昌|
23|311101|3|3111|屯昌|101310210
24|3112|2|31|琼海|
25|311201|3|3112|琼海|101310211
26|3113|2|31|文昌|
27|311301|3|3113|文昌|101310212
28|3114|2|31|保亭|
29|311401|3|3114|保亭|101310214
30|3115|2|31|万宁|
31|311501|3|3115|万宁|101310215
32|3116|2|31|陵水|
33|311601|3|3116|陵水|101310216
34|3117|2|31|西沙|
35|311701|3|3117|西沙|101310217
36|3118|2|31|南沙|
37|311801|3|3118|南沙|101310220
38|3119|2|31|乐东|
39|311901|3|3119|乐东|101310221
40|3120|2|31|五指山|
41|312001|3|3120|五指山|101310222
42|32|1|0|香港|
43|3201|2|32|香港|
44|320101|3|3201|香港|101320101
45|320102|3|3201|九龙|101320102
46|320103|3|3201|新界|101320103
1|33|1|0|澳门|
2|3301|2|33|澳门|
3|330101|3|3301|澳门|101330101
4|330102|3|3301|氹仔岛|101330102
5|330103|3|3301|路环岛|101330103
6|34|1|0|台湾|
7|3401|2|34|台北|
8|340101|3|3401|台北|101340101
9|340102|3|3401|桃园|101340102
10|340103|3|3401|新竹|101340103
11|340104|3|3401|宜兰|101340104
12|3402|2|34|高雄|
13|340201|3|3402|高雄|101340201
14|340202|3|3402|嘉义|101340202
15|340203|3|3402|台南|101340203
16|340204|3|3402|台东|101340204
17|340205|3|3402|屏东|101340205
18|3403|2|34|台中|
19|340301|3|3403|台中|101340401
20|340302|3|3403|苗栗|101340402
21|340303|3|3403|彰化|101340403
22|340304|3|3403|南投|101340404
23|340305|3|3403|花莲|101340405
24|340306|3|3403|云林|101340406